object : Index

e : 206

x : 66

h : 51, 52, 53, 56, 88, 118, 132, 153, 174

. : 22, 23, 24, 25, 26, 29, 30, 37, 38, 39, 40, 43, 44, 45, 46, 47, 50, 54, 55, 59, 60, 61, 64, 65, 67, 68, 70, 71, 78, 79, 82, 85, 86, 91, 98, 100, 101, 102, 103, 106, 107, 110, 111, 112, 121, 122, 123, 124, 127, 128, 131, 142, 143, 144, 145, 148, 149, 150, 151, 152, 155, 156, 158, 159, 162, 163, 164, 165, 166, 169, 170, 172, 173, 176, 177, 178, 179, 184, 185, 186, 187, 190, 191, 193, 194, 195, 196, 197, 198, 199, 200, 201, 202, 203, 204, 205, 207, 208

w : 0, 1, 2, 3, 4, 5, 6, 7, 8, 9, 10, 11, 12, 13, 14, 15, 16, 17, 18, 19, 20, 21, 27, 28, 31, 32, 33, 34, 35, 36, 41, 42, 48, 49, 57, 58, 62, 63, 69, 72, 73, 74, 75, 76, 77, 80, 81, 83, 84, 87, 89, 90, 92, 93, 94, 95, 96, 97, 99, 104, 105, 108, 109, 113, 114, 115, 116, 117, 119, 120, 125, 126, 129, 130, 133, 134, 135, 136, 137, 138, 139, 140, 141, 146, 147, 154, 157, 160, 161, 167, 168, 171, 175, 180, 181, 182, 183, 188, 189, 209, 210, 211, 212, 213, 214, 215, 216, 217, 218, 219, 220, 221, 222, 223, 224, 225, 226, 227, 228, 229, 230

A : 192

