object : Index

2 : 174

w : 0, 1, 2, 3, 4, 5, 6, 7, 8, 9, 10, 11, 12, 13, 14, 15, 16, 17, 18, 19, 23, 32, 37, 38, 42, 51, 56, 57, 58, 59, 60, 61, 70, 71, 72, 73, 74, 75, 76, 82, 91, 94, 95, 101, 102, 103, 104, 105, 106, 107, 112, 113, 114, 132, 133, 134, 135, 136, 137, 143, 144, 145, 151, 152, 170, 171, 172, 173, 175, 187, 188, 189, 190, 191, 192, 193, 194, 195, 196, 197, 198, 199, 200, 201, 202, 203, 204, 205, 206, 207, 208

r : 84, 117

g : 36

o : 39, 68, 93

i : 41, 162

x : 52, 121, 184

h : 29, 97, 127

A : 20

v : 26, 179

3 : 33

+ : 21, 22, 24, 25, 27, 28, 30, 31, 34, 35, 40, 43, 44, 45, 46, 47, 48, 49, 50, 53, 54, 55, 62, 63, 64, 65, 66, 67, 69, 77, 78, 79, 80, 81, 83, 85, 86, 87, 88, 89, 90, 92, 96, 98, 99, 100, 108, 109, 110, 111, 115, 116, 118, 119, 120, 122, 123, 124, 125, 126, 128, 129, 130, 131, 138, 139, 140, 141, 142, 146, 147, 148, 149, 150, 153, 154, 155, 156, 157, 158, 159, 160, 161, 163, 164, 165, 166, 167, 168, 169, 176, 177, 178, 180, 181, 182, 183, 185, 186

