object : Index

- : 41, 172, 174

1 : 20, 93

0 : 23, 84, 143

. : 26, 28, 45, 48, 89, 90, 97, 98, 99, 108, 109, 148, 150, 159, 160, 168, 169, 179, 180

w : 0, 1, 2, 3, 4, 5, 6, 7, 8, 9, 10, 11, 12, 13, 14, 15, 16, 17, 18, 19, 24, 37, 38, 43, 56, 57, 62, 66, 70, 71, 72, 73, 74, 75, 76, 85, 94, 95, 102, 103, 104, 113, 114, 123, 124, 125, 126, 132, 133, 137, 142, 151, 152, 156, 164, 170, 171, 175, 183, 184, 185, 186, 187, 188, 189, 190, 191, 192, 193, 194, 195, 196, 197, 198, 199, 200, 201, 202, 203, 204, 205, 206, 207, 208

A : 34

+ : 21, 22, 25, 27, 29, 30, 31, 32, 33, 35, 36, 39, 40, 42, 44, 46, 47, 49, 50, 51, 52, 53, 54, 55, 58, 59, 60, 61, 63, 64, 65, 67, 68, 69, 77, 78, 79, 80, 81, 82, 83, 86, 87, 88, 91, 92, 96, 100, 101, 105, 106, 107, 110, 111, 112, 115, 116, 117, 118, 119, 120, 121, 122, 127, 128, 129, 130, 131, 134, 135, 136, 138, 139, 140, 141, 144, 145, 146, 147, 149, 153, 154, 155, 157, 158, 161, 162, 163, 165, 166, 167, 173, 177, 178, 181, 182

2 : 176

