object : Index

s : 48

i : 30, 34, 37, 59, 88, 244, 249, 265, 277, 286, 295, 300, 307, 315, 319

t : 38, 42, 65, 69, 109, 111, 113, 115, 117, 119, 123, 124, 125, 128, 130, 133, 217, 218, 221, 223, 226, 227, 231, 233, 235, 237, 239, 241, 281, 285, 308, 312

x : 41, 68

. : 28, 29, 31, 32, 33, 35, 36, 43, 44, 45, 46, 47, 49, 50, 51, 52, 55, 56, 57, 58, 60, 61, 62, 63, 64, 70, 71, 72, 73, 74, 75, 76, 77, 78, 79, 82, 83, 84, 85, 86, 87, 89, 90, 91, 92, 96, 97, 98, 99, 100, 101, 102, 103, 104, 105, 106, 110, 112, 114, 116, 118, 126, 127, 129, 131, 132, 219, 220, 222, 224, 225, 232, 234, 236, 238, 240, 245, 246, 247, 248, 250, 251, 252, 253, 254, 258, 259, 260, 261, 262, 263, 264, 266, 267, 268, 271, 272, 273, 274, 275, 276, 278, 279, 280, 287, 288, 289, 290, 291, 292, 293, 294, 298, 299, 301, 302, 303, 304, 305, 306, 313, 314, 316, 317, 318, 320, 321, 322

w : 0, 1, 2, 3, 4, 5, 6, 7, 8, 9, 10, 11, 12, 13, 14, 15, 16, 17, 18, 19, 20, 21, 22, 23, 24, 25, 26, 27, 53, 54, 80, 81, 107, 108, 134, 135, 161, 162, 188, 189, 215, 216, 242, 243, 269, 270, 296, 297, 323, 324, 325, 326, 327, 328, 329, 330, 331, 332, 333, 334, 335, 336, 337, 338, 339, 340, 341, 342, 343, 344, 345, 346, 347, 348, 349, 350

_ : 137, 142, 148, 158, 171, 180

- : 193, 204, 211

= : 136, 138, 139, 140, 141, 143, 144, 145, 146, 147, 149, 150, 151, 152, 153, 154, 155, 156, 157, 159, 160, 163, 164, 165, 166, 167, 168, 169, 170, 172, 173, 174, 175, 176, 177, 178, 179, 181, 182, 183, 184, 185, 186, 187, 190, 191, 192, 194, 195, 196, 197, 198, 199, 200, 201, 202, 203, 205, 206, 207, 208, 209, 210, 212, 213, 214

l : 256

+ : 39, 40, 66, 67, 93, 94, 95, 120, 121, 122, 228, 229, 230, 255, 257, 282, 283, 284, 309, 310, 311

