object : Index

A : 87

0 : 24, 82, 124

. : 18, 19, 20, 21, 22, 23, 25, 26, 27, 28, 29, 30, 31, 32, 35, 37, 38, 39, 40, 41, 42, 44, 45, 46, 47, 48, 49, 52, 53, 54, 55, 57, 58, 59, 60, 62, 63, 64, 65, 66, 69, 70, 71, 72, 73, 74, 75, 76, 77, 78, 79, 80, 81, 83, 86, 88, 90, 92, 93, 95, 96, 98, 99, 103, 104, 105, 106, 107, 108, 109, 110, 111, 112, 113, 115, 116, 117, 120, 121, 122, 123, 125, 126, 127, 128, 129, 130, 131, 132, 133, 134, 137, 138, 139, 140, 141, 142, 143, 144, 145, 147, 148, 149, 150, 151

w : 0, 1, 2, 3, 4, 5, 6, 7, 8, 9, 10, 11, 12, 13, 14, 15, 16, 17, 33, 34, 50, 51, 67, 68, 84, 85, 101, 102, 118, 119, 135, 136, 152, 153, 154, 155, 156, 157, 158, 159, 160, 161, 162, 163, 164, 165, 166, 167, 168, 169

b : 56, 114

c : 43, 61, 91, 94, 97

m : 89

g : 36, 100, 146

