object : Index

s : 127

A : 17

h : 39

. : 15, 18, 19, 20, 21, 22, 23, 24, 25, 26, 29, 37, 43, 44, 45, 46, 47, 48, 49, 50, 51, 52, 53, 54, 57, 66, 67, 68, 71, 73, 74, 75, 76, 78, 80, 81, 82, 85, 87, 88, 90, 91, 92, 94, 95, 96, 99, 101, 102, 103, 108, 109, 110, 113, 115, 116, 117, 119, 120, 121, 122, 123, 124, 129, 130, 131, 132, 133, 134, 136, 137, 138

w : 0, 1, 2, 3, 4, 5, 6, 7, 8, 9, 10, 11, 12, 13, 14, 27, 28, 30, 31, 32, 33, 34, 35, 36, 38, 40, 41, 42, 55, 56, 58, 59, 60, 61, 62, 63, 64, 65, 69, 70, 72, 79, 83, 84, 86, 93, 97, 98, 100, 104, 105, 106, 107, 111, 112, 114, 125, 126, 128, 135, 139, 140, 141, 142, 143, 144, 145, 146, 147, 148, 149, 150, 151, 152, 153

k : 77

l : 16

c : 89

b : 118

