object : Index

o : 38

A : 77

t : 122

l : 116

. : 15, 16, 17, 18, 19, 21, 22, 23, 24, 25, 26, 29, 30, 32, 33, 35, 36, 37, 39, 40, 43, 44, 45, 46, 47, 48, 49, 50, 51, 52, 53, 54, 60, 61, 62, 63, 65, 66, 67, 68, 71, 72, 73, 74, 75, 76, 79, 80, 81, 82, 89, 90, 91, 99, 100, 103, 104, 105, 106, 107, 108, 109, 113, 114, 115, 117, 118, 119, 120, 121, 123, 124, 127, 128, 129, 131, 132, 133, 134, 136, 137, 138

w : 0, 1, 2, 3, 4, 5, 6, 7, 8, 9, 10, 11, 12, 13, 14, 20, 27, 28, 34, 41, 42, 55, 56, 57, 58, 59, 64, 69, 70, 78, 83, 84, 85, 86, 87, 88, 92, 93, 94, 95, 96, 97, 98, 102, 111, 112, 125, 126, 130, 135, 139, 140, 141, 142, 143, 144, 145, 146, 147, 148, 149, 150, 151, 152, 153

p : 101

b : 31

k : 110

