object : Index

d : 35, 58, 169, 205

b : 171

1 : 19

0 : 91

. : 16, 17, 18, 21, 22, 23, 24, 25, 27, 28, 31, 32, 33, 34, 36, 37, 38, 39, 40, 41, 42, 43, 46, 47, 48, 49, 52, 56, 62, 63, 64, 66, 67, 68, 69, 70, 71, 73, 76, 77, 78, 79, 81, 82, 83, 85, 86, 88, 92, 93, 94, 96, 97, 98, 99, 100, 101, 103, 118, 122, 123, 125, 126, 127, 129, 130, 131, 132, 133, 136, 137, 138, 140, 141, 142, 144, 146, 147, 148, 151, 152, 153, 155, 156, 157, 159, 160, 161, 162, 163, 166, 167, 168, 170, 172, 174, 175, 176, 178, 181, 182, 185, 186, 187, 189, 190, 191, 192, 193, 196, 197, 198, 211, 212, 213, 214, 215, 216, 217, 218, 219, 220, 221, 222, 223

w : 0, 1, 2, 3, 4, 5, 6, 7, 8, 9, 10, 11, 12, 13, 14, 15, 20, 29, 30, 44, 45, 50, 51, 53, 54, 55, 57, 59, 60, 65, 72, 74, 75, 80, 87, 89, 90, 95, 102, 104, 105, 106, 107, 108, 109, 110, 111, 112, 113, 114, 115, 116, 117, 119, 120, 124, 128, 134, 135, 139, 143, 149, 150, 154, 158, 164, 165, 173, 179, 180, 184, 188, 194, 195, 199, 200, 201, 202, 203, 204, 206, 207, 208, 209, 210, 224, 225, 226, 227, 228, 229, 230, 231, 232, 233, 234, 235, 236, 237, 238, 239

A : 61

r : 121, 183

g : 26, 84

y : 145, 177

