object : Index

1 : 275

h : 46, 115, 154, 166, 261

. : 29, 30, 31, 32, 34, 35, 36, 38, 40, 41, 42, 43, 44, 45, 47, 48, 49, 50, 51, 53, 54, 57, 58, 59, 60, 61, 62, 63, 64, 66, 67, 70, 71, 72, 73, 74, 75, 76, 77, 78, 79, 80, 81, 82, 85, 86, 87, 88, 89, 90, 91, 92, 94, 95, 96, 97, 98, 99, 100, 101, 103, 104, 105, 106, 108, 109, 110, 113, 114, 116, 117, 118, 119, 120, 122, 123, 124, 125, 126, 127, 128, 129, 131, 132, 133, 134, 136, 137, 141, 142, 143, 144, 145, 146, 147, 148, 150, 151, 152, 153, 155, 156, 157, 159, 161, 162, 164, 165, 169, 174, 175, 176, 178, 179, 180, 181, 182, 183, 184, 185, 187, 188, 189, 190, 192, 193, 194, 197, 198, 199, 200, 201, 202, 203, 204, 206, 207, 208, 209, 210, 211, 212, 213, 215, 216, 217, 218, 220, 221, 222, 225, 226, 227, 228, 230, 231, 232, 233, 234, 235, 236, 237, 238, 239, 240, 241, 243, 244, 245, 246, 247, 248, 249, 250, 253, 254, 255, 256, 257, 258, 259, 260, 262, 263, 264, 265, 266, 267, 268, 271, 272, 273, 274, 276, 277, 278

w : 0, 1, 2, 3, 4, 5, 6, 7, 8, 9, 10, 11, 12, 13, 14, 15, 16, 17, 18, 19, 20, 21, 22, 23, 24, 25, 26, 27, 28, 37, 55, 56, 65, 68, 69, 83, 84, 93, 102, 107, 111, 112, 121, 130, 135, 139, 140, 149, 158, 163, 167, 168, 171, 172, 173, 177, 186, 191, 195, 196, 205, 214, 219, 223, 224, 242, 251, 252, 270, 279, 280, 281, 282, 283, 284, 285, 286, 287, 288, 289, 290, 291, 292, 293, 294, 295, 296, 297, 298, 299, 300, 301, 302, 303, 304, 305, 306, 307

A : 33

0 : 39, 52, 138, 160, 170, 229, 269

