object : Index

d : 98, 129, 142

A : 74

e : 82

r : 26, 113, 117, 124, 128, 148, 158, 160

. : 20, 21, 22, 23, 24, 38, 39, 41, 42, 47, 52, 53, 54, 56, 57, 58, 59, 60, 63, 64, 69, 70, 72, 73, 75, 77, 79, 80, 86, 87, 89, 91, 92, 93, 94, 104, 105, 106, 107, 108, 109, 110, 111, 114, 115, 122, 123, 125, 126, 130, 131, 132, 157, 159, 174, 175, 176, 177, 178, 179, 180, 191, 193, 195, 197

w : 0, 1, 2, 3, 4, 5, 6, 7, 8, 9, 10, 11, 12, 13, 14, 15, 16, 17, 27, 28, 29, 30, 31, 32, 33, 34, 44, 48, 49, 50, 51, 61, 65, 66, 67, 68, 78, 83, 84, 85, 95, 96, 97, 99, 100, 101, 102, 112, 118, 119, 135, 136, 137, 138, 139, 140, 141, 143, 144, 145, 146, 147, 150, 151, 152, 153, 154, 155, 156, 164, 165, 166, 167, 168, 169, 170, 171, 172, 173, 181, 182, 183, 184, 185, 186, 187, 188, 189, 190, 192, 198, 199, 200, 201, 202, 203, 204, 205, 206, 207, 208, 209, 210, 211, 212, 213, 214, 215, 216, 217, 218, 219, 220

k : 36, 40, 88

b : 18, 19, 35, 45, 55, 116, 120, 134, 149, 161, 162, 194, 196

g : 25, 43, 46, 62, 103, 121, 133, 163

O : 37, 71, 76, 81, 90, 127

