object : Index

d : 52, 58, 79, 169

b : 197

1 : 93

0 : 91

. : 21, 22, 23, 24, 25, 27, 28, 36, 37, 39, 40, 41, 42, 43, 62, 63, 65, 66, 67, 68, 70, 71, 73, 76, 77, 78, 80, 81, 82, 83, 84, 85, 86, 88, 92, 95, 96, 97, 98, 99, 100, 103, 118, 121, 122, 123, 125, 126, 127, 128, 129, 130, 131, 133, 136, 137, 138, 140, 141, 142, 144, 145, 146, 148, 151, 152, 153, 155, 156, 157, 158, 159, 160, 161, 163, 166, 167, 168, 170, 172, 173, 174, 175, 176, 178, 181, 182, 183, 185, 186, 187, 188, 189, 190, 191, 192, 193, 196, 198, 211, 212, 213, 214, 215, 216, 217, 218, 219, 220, 221, 222, 223

w : 0, 1, 2, 3, 4, 5, 6, 7, 8, 9, 10, 11, 12, 13, 14, 15, 16, 17, 18, 19, 20, 29, 30, 31, 32, 33, 34, 35, 44, 45, 46, 47, 48, 49, 50, 51, 53, 54, 55, 56, 57, 59, 60, 64, 72, 74, 75, 87, 89, 90, 94, 102, 104, 105, 106, 107, 108, 109, 110, 111, 112, 113, 114, 115, 116, 117, 119, 120, 124, 132, 134, 135, 139, 147, 149, 150, 154, 162, 164, 165, 177, 179, 180, 184, 194, 195, 199, 200, 201, 202, 203, 204, 205, 206, 207, 208, 209, 210, 224, 225, 226, 227, 228, 229, 230, 231, 232, 233, 234, 235, 236, 237, 238, 239

A : 61

r : 143, 171

g : 69, 101

y : 26, 38

