object : Index

g : 225

_ : 21, 22, 23, 24, 25, 26, 27, 28, 29, 37, 38, 39, 40, 41, 53, 54, 56, 57, 65, 69, 71, 73, 78, 81, 85, 86, 88, 89, 94, 97, 101, 102, 103, 104, 105, 110, 129, 134, 135, 136, 145, 161, 167, 177, 183, 199

2 : 55

0 : 72, 133, 193

. : 17, 18, 19, 20, 33, 34, 35, 36, 42, 43, 44, 45, 46, 49, 50, 51, 52, 58, 59, 60, 61, 62, 66, 67, 68, 74, 75, 76, 77, 82, 83, 84, 90, 91, 92, 93, 98, 99, 100, 106, 107, 108, 109, 113, 114, 115, 116, 117, 118, 119, 120, 121, 122, 123, 124, 125, 126, 130, 131, 132, 138, 139, 140, 141, 146, 147, 148, 154, 155, 156, 157, 158, 162, 163, 164, 165, 166, 169, 170, 171, 172, 173, 174, 178, 179, 180, 181, 182, 185, 186, 187, 188, 189, 190, 194, 195, 196, 197, 198, 201, 202, 203, 204, 205, 206, 210, 211, 212, 213, 214, 217, 218, 219, 220, 221, 222, 226, 227, 228, 229, 230, 231, 232, 233, 234, 235, 236, 237

w : 0, 1, 2, 3, 4, 5, 6, 7, 8, 9, 10, 11, 12, 13, 14, 15, 16, 31, 32, 47, 48, 63, 64, 79, 80, 95, 96, 111, 112, 127, 128, 143, 144, 149, 150, 151, 152, 153, 159, 160, 168, 175, 176, 184, 191, 192, 200, 207, 208, 209, 216, 223, 224, 239, 240, 241, 242, 243, 244, 245, 246, 247, 248, 249, 250, 251, 252, 253, 254, 255

A : 30

3 : 70, 137, 215, 238

1 : 87, 142

