object : Index

o : 51, 52, 54, 55, 84, 86, 145, 146, 147, 148, 149, 150, 151, 152, 153, 154, 155, 156, 157, 158, 161, 162, 163, 164, 165, 166, 167, 168, 169, 170, 171, 172, 173, 174

l : 178

t : 91

. : 17, 18, 29, 30, 33, 34, 35, 36, 37, 38, 39, 40, 41, 45, 46, 49, 50, 56, 57, 61, 62, 65, 66, 72, 73, 75, 76, 77, 78, 81, 82, 88, 89, 93, 94, 97, 98, 99, 100, 101, 102, 103, 104, 105, 106, 107, 108, 109, 110, 113, 114, 115, 116, 117, 118, 119, 120, 121, 122, 123, 124, 125, 126

w : 0, 1, 2, 3, 4, 5, 6, 7, 8, 9, 10, 11, 12, 13, 14, 15, 16, 31, 32, 47, 48, 63, 64, 79, 80, 95, 96, 111, 112, 127, 128, 143, 144, 159, 160, 175, 176, 191, 192, 193, 194, 195, 196, 197, 198, 199, 200, 201, 202, 203, 204, 205, 206, 207

k : 92

A : 53

g : 177

+ : 19, 20, 21, 22, 23, 24, 25, 26, 27, 28, 42, 43, 44, 58, 59, 60, 67, 68, 69, 70, 71, 74, 83, 85, 87, 90, 129, 130, 131, 132, 133, 134, 135, 136, 137, 138, 139, 140, 141, 142, 179, 180, 181, 182, 183, 184, 185, 186, 187, 188, 189, 190

