object : Index

e : 58, 60, 62, 64, 65, 67, 68, 70, 72, 74, 96, 98, 100, 102, 103, 105, 106, 108, 110, 112, 153, 155, 157, 159, 160, 162, 163, 165, 167, 169, 172, 188

. : 46, 47, 48, 59, 61, 63, 66, 69, 71, 73, 77, 78, 79, 80, 81, 82, 83, 84, 85, 86, 87, 88, 89, 90, 91, 92, 93, 97, 99, 101, 104, 107, 109, 111, 115, 116, 117, 118, 119, 120, 121, 122, 123, 124, 125, 126, 127, 128, 129, 130, 131, 134, 135, 136, 137, 138, 139, 140, 141, 142, 143, 144, 145, 146, 147, 148, 149, 150, 154, 156, 158, 161, 164, 166, 168

w : 0, 1, 2, 3, 4, 5, 6, 7, 8, 9, 10, 11, 12, 13, 14, 15, 16, 17, 18, 19, 37, 38, 39, 40, 41, 42, 43, 44, 45, 49, 50, 51, 52, 53, 54, 55, 56, 57, 75, 76, 94, 95, 113, 114, 132, 133, 151, 152, 170, 171, 189, 190, 191, 192, 193, 194, 195, 196, 197, 198, 199, 200, 201, 202, 203, 204, 205, 206, 207, 208

, : 20, 21, 22, 23, 24, 25, 26, 27, 29, 30, 31, 32, 33, 34, 35, 36, 173, 174, 175, 176, 177, 178, 179, 181, 182, 183, 184, 185, 186, 187

A : 180

g : 28

