object : Index

A : 135

2 : 21, 89

0 : 34, 77, 125

. : 25, 26, 27, 70, 71, 72, 81, 99, 101, 111, 140, 141, 142, 147, 149, 154, 155, 167, 176, 185, 187

w : 0, 1, 2, 3, 4, 5, 6, 7, 8, 9, 10, 11, 12, 13, 14, 15, 16, 17, 18, 19, 29, 30, 37, 38, 51, 52, 56, 57, 60, 61, 62, 63, 64, 65, 75, 76, 94, 95, 103, 104, 105, 106, 107, 108, 113, 114, 115, 116, 117, 118, 119, 132, 133, 138, 144, 151, 152, 157, 163, 170, 171, 182, 189, 190, 191, 192, 193, 194, 195, 196, 197, 198, 199, 200, 201, 202, 203, 204, 205, 206, 207, 208

- : 44, 181, 183

+ : 20, 22, 23, 24, 28, 31, 32, 33, 35, 36, 39, 40, 41, 42, 43, 45, 46, 47, 48, 49, 50, 53, 54, 55, 58, 59, 66, 67, 68, 69, 73, 74, 78, 79, 80, 82, 83, 84, 85, 86, 87, 88, 90, 91, 92, 93, 96, 97, 98, 100, 102, 109, 110, 112, 120, 121, 122, 123, 124, 126, 127, 128, 129, 130, 131, 134, 136, 137, 139, 143, 145, 146, 148, 150, 153, 156, 158, 159, 160, 161, 162, 164, 165, 166, 168, 169, 172, 173, 174, 175, 177, 178, 179, 180, 184, 186

1 : 188

