object : Index

o : 36, 41, 68, 73

t : 51

. : 17, 18, 19, 20, 21, 22, 23, 24, 25, 26, 27, 28, 29, 30, 33, 34, 35, 44, 45, 46, 49, 62, 65, 66, 67, 76, 77, 78, 81, 82, 83, 92, 93, 94, 97, 98, 99, 100, 101, 102, 103, 104, 105, 106, 107, 108, 109, 110, 113, 114, 115, 116, 117, 118, 119, 120, 121, 122, 123, 124, 125, 126, 145, 146, 147, 148, 149, 150, 151, 152, 153, 154, 155, 156, 157, 158, 161, 162, 163, 165, 166, 167, 168, 170, 171, 172, 173, 174, 177, 178, 179, 181, 182, 183, 184, 186, 187, 188, 189, 190

w : 0, 1, 2, 3, 4, 5, 6, 7, 8, 9, 10, 11, 12, 13, 14, 15, 16, 31, 32, 47, 48, 63, 64, 79, 80, 95, 96, 111, 112, 127, 128, 143, 144, 159, 160, 175, 176, 191, 192, 193, 194, 195, 196, 197, 198, 199, 200, 201, 202, 203, 204, 205, 206, 207

p : 60

A : 55

g : 135

+ : 37, 38, 39, 40, 42, 43, 50, 52, 53, 54, 56, 57, 58, 59, 61, 69, 70, 71, 72, 74, 75, 84, 85, 86, 87, 88, 89, 90, 91, 129, 130, 131, 132, 133, 134, 136, 137, 138, 139, 140, 141, 142, 164, 169, 180, 185

