object : Index

b : 41, 64, 87, 132

0 : 73, 74, 75, 76, 144, 145, 146

. : 18, 19, 20, 21, 22, 23, 24, 25, 26, 27, 28, 29, 30, 31, 32, 35, 36, 37, 39, 40, 42, 43, 44, 46, 47, 48, 49, 52, 54, 56, 57, 59, 60, 61, 62, 63, 65, 66, 69, 70, 71, 72, 77, 78, 79, 80, 81, 82, 83, 86, 88, 89, 90, 91, 92, 93, 94, 95, 96, 97, 98, 99, 100, 103, 104, 105, 106, 108, 109, 110, 111, 112, 114, 115, 117, 120, 121, 122, 123, 125, 126, 127, 128, 130, 131, 133, 134, 137, 138, 139, 140, 141, 142, 143, 148, 149, 150, 151

w : 0, 1, 2, 3, 4, 5, 6, 7, 8, 9, 10, 11, 12, 13, 14, 15, 16, 17, 33, 34, 50, 51, 67, 68, 84, 85, 101, 102, 118, 119, 135, 136, 147, 152, 153, 154, 155, 156, 157, 158, 159, 160, 161, 162, 163, 164, 165, 166, 167, 168, 169

A : 38

g : 45, 116, 124

m : 53, 113

c : 55, 58, 107, 129

