object : Index

1 : 73, 146, 232, 306

0 : 91, 129, 233, 305

. : 28, 29, 30, 31, 32, 33, 34, 35, 37, 38, 39, 41, 42, 43, 44, 46, 47, 48, 49, 50, 51, 52, 55, 56, 59, 61, 62, 63, 64, 65, 66, 70, 72, 75, 76, 77, 78, 79, 82, 84, 85, 86, 87, 90, 92, 94, 95, 97, 100, 104, 105, 106, 109, 110, 111, 112, 114, 116, 119, 121, 122, 123, 124, 127, 128, 132, 133, 136, 137, 138, 139, 140, 142, 143, 145, 147, 148, 149, 150, 151, 154, 155, 156, 158, 159, 160, 163, 164, 165, 166, 170, 171, 172, 173, 176, 177, 178, 180, 182, 183, 184, 186, 187, 190, 191, 192, 193, 195, 196, 197, 198, 199, 200, 201, 202, 204, 206, 207, 208, 210, 213, 214, 218, 221, 222, 226, 227, 228, 234, 235, 236, 237, 239, 240, 241, 244, 245, 246, 247, 250, 251, 252, 255, 256, 257, 258, 259, 260, 263, 265, 267, 268, 271, 272, 273, 274, 275, 276, 282, 283, 284, 288, 289, 291, 294, 295, 303, 307, 308, 312, 313, 314, 317, 318, 319, 322, 353, 354, 355, 356, 357, 358, 359, 360, 361, 362, 363, 364, 365, 366, 367, 368, 369, 370, 371, 372, 373, 374, 375

w : 0, 1, 2, 3, 4, 5, 6, 7, 8, 9, 10, 11, 12, 13, 14, 15, 16, 17, 18, 19, 20, 21, 22, 23, 24, 25, 26, 27, 36, 40, 45, 53, 54, 57, 58, 60, 67, 68, 69, 71, 74, 80, 81, 83, 88, 89, 93, 96, 98, 99, 101, 102, 103, 107, 108, 113, 115, 117, 118, 120, 125, 126, 130, 131, 134, 135, 141, 144, 152, 153, 157, 161, 162, 167, 168, 169, 174, 175, 179, 181, 185, 188, 189, 194, 203, 205, 209, 211, 212, 215, 216, 217, 219, 220, 223, 224, 225, 229, 230, 231, 238, 242, 243, 248, 249, 253, 254, 261, 262, 264, 266, 269, 270, 277, 278, 279, 280, 281, 285, 286, 287, 290, 292, 293, 296, 297, 298, 299, 300, 301, 302, 304, 309, 310, 311, 315, 316, 320, 321, 323, 324, 325, 326, 327, 328, 329, 330, 331, 332, 333, 334, 335, 336, 337, 338, 339, 340, 341, 342, 343, 344, 345, 346, 347, 348, 349, 350, 351, 377, 378, 379, 380, 381, 382, 383, 384, 385, 386, 387, 388, 389, 390, 391, 392, 393, 394, 395, 396, 397, 398, 399, 400, 401, 402, 403, 404

A : 352

e : 376

