object : Index

A : 110

1 : 80, 87

h : 53, 54, 55, 56, 57, 59, 60, 61, 62, 63, 70, 72, 83, 85

. : 14, 15, 17, 18, 20, 21, 23, 24, 27, 28, 29, 30, 31, 32, 33, 34, 35, 36, 37, 40, 41, 42, 43, 44, 45, 46, 47, 48, 49, 50, 58, 66, 67, 68, 69, 71, 73, 74, 75, 76, 79, 82, 84, 86, 89, 92, 94, 95, 96, 97, 98, 99, 100, 102, 105, 106, 107, 108, 109, 111, 112, 113, 114, 115

w : 0, 1, 2, 3, 4, 5, 6, 7, 8, 9, 10, 11, 12, 13, 25, 26, 38, 39, 51, 52, 64, 65, 77, 78, 90, 91, 103, 104, 116, 117, 118, 119, 120, 121, 122, 123, 124, 125, 126, 127, 128, 129

b : 19

a : 16

c : 22

2 : 81, 101

3 : 88, 93

