object : Index

_ : 18, 19, 22, 23, 24, 26, 27, 33, 34, 35, 38, 39, 40, 41, 42, 43, 44, 54, 55, 56, 58, 59, 60, 74, 76, 83, 84, 99, 115, 116, 122, 123, 124, 133, 134, 135, 136, 137, 138, 139, 140, 149, 150, 151, 152, 153, 166, 167, 168, 169, 170, 178, 179, 193, 194, 195, 200, 214, 215, 216, 217, 218, 219, 220, 221, 222, 230, 237, 238

1 : 25, 50, 75, 100, 154, 165

0 : 28, 49, 51, 177, 197, 231, 232, 233

. : 20, 21, 29, 30, 36, 37, 45, 46, 52, 53, 61, 62, 65, 66, 67, 68, 69, 70, 71, 72, 73, 77, 78, 81, 82, 85, 86, 87, 88, 89, 90, 91, 92, 93, 94, 97, 98, 101, 102, 103, 104, 105, 106, 107, 108, 109, 110, 113, 114, 117, 118, 119, 120, 121, 125, 126, 129, 130, 141, 142, 145, 146, 147, 148, 161, 162, 163, 164, 171, 172, 173, 174, 180, 181, 182, 183, 184, 185, 186, 187, 188, 189, 190, 196, 198, 199, 202, 203, 204, 205, 206, 211, 212, 213, 225, 226, 227, 228, 229, 234, 235, 236

w : 0, 1, 2, 3, 4, 5, 6, 7, 8, 9, 10, 11, 12, 13, 14, 15, 16, 31, 32, 47, 48, 57, 63, 64, 79, 80, 95, 96, 111, 112, 127, 128, 131, 132, 143, 144, 155, 156, 157, 158, 159, 160, 175, 176, 191, 192, 201, 207, 208, 209, 210, 223, 224, 240, 241, 242, 243, 244, 245, 246, 247, 248, 249, 250, 251, 252, 253, 254, 255

A : 17

g : 239

