object : Index

1 : 54, 62

0 : 71, 84

. : 31, 32, 33, 40, 41, 42, 44, 46, 48, 49, 50, 53, 55, 56, 57, 58, 59, 60, 61, 63, 70, 72

w : 0, 1, 2, 3, 4, 5, 6, 7, 8, 9, 10, 11, 12, 13, 14, 15, 16, 17, 18, 20, 21, 22, 23, 24, 25, 26, 27, 28, 29, 30, 34, 35, 36, 37, 38, 39, 43, 47, 51, 52, 64, 65, 66, 67, 68, 69, 73, 74, 75, 76, 77, 78, 79, 80, 81, 82, 83, 85, 86, 87, 88, 89, 90, 91, 92, 93, 94, 95, 96, 98, 99, 100, 101, 102, 103, 104, 105, 106, 107, 108, 109, 110, 111, 112, 113, 114, 115, 116

k : 97

A : 45

g : 19

