object : Index

l : 118

2 : 71, 152

0 : 88, 153

. : 18, 19, 20, 21, 22, 23, 24, 25, 26, 27, 28, 29, 30, 34, 35, 36, 37, 40, 41, 42, 43, 44, 45, 50, 51, 52, 53, 55, 56, 57, 58, 59, 60, 72, 73, 74, 75, 76, 89, 90, 91, 92, 97, 98, 99, 100, 101, 106, 107, 108, 109, 110, 113, 114, 115, 116, 117, 119, 120, 121, 122, 123, 124, 125, 126, 129, 130, 131, 132, 133, 135, 136, 137, 138, 139, 140, 141, 142, 147, 148, 149, 150, 154, 155, 156, 157, 164, 165, 166, 170, 171, 180, 181, 182, 184, 186, 187, 196, 197, 198, 200, 202, 203, 210, 212, 213, 214, 216, 218, 219, 221, 228, 229, 230, 234, 235

w : 0, 1, 2, 3, 4, 5, 6, 7, 8, 9, 10, 11, 12, 13, 14, 15, 16, 31, 32, 39, 47, 48, 63, 64, 65, 66, 67, 68, 69, 70, 79, 80, 95, 102, 103, 104, 105, 111, 112, 127, 134, 143, 144, 146, 159, 160, 162, 173, 175, 176, 178, 189, 191, 192, 194, 205, 207, 208, 223, 224, 239, 240, 241, 242, 243, 244, 245, 246, 247, 248, 249, 250, 251, 252, 253, 254, 255

, : 54, 81, 82, 83, 84, 85, 86

- : 33, 49, 62, 77, 78, 87, 93, 94, 145, 158, 161, 163, 167, 168, 169, 174, 177, 179, 183, 185, 188, 190, 193, 195, 199, 201, 204, 206, 209, 211, 215, 217, 220, 222, 225, 226, 227, 231, 233, 236, 237, 238

r : 96, 128

g : 17

A : 232

3 : 38, 46, 61, 151, 172

