object : Index

o : 28, 29, 35, 36, 37, 40, 58, 70, 71, 101, 102, 141, 142, 175, 184, 185, 186, 272, 273

- : 66, 92, 112, 114, 118, 144, 170, 196, 215, 228, 230, 241, 242

e : 306

x : 54, 63, 80, 84, 96, 97, 106, 127, 128, 132, 153, 154, 164, 165, 167, 168, 201, 210, 211, 212, 227, 248, 249, 253, 291, 292, 298, 299

. : 27, 30, 31, 32, 33, 34, 38, 39, 41, 42, 43, 44, 45, 46, 48, 49, 50, 53, 55, 56, 60, 61, 62, 64, 65, 67, 68, 69, 72, 73, 74, 79, 81, 82, 86, 87, 88, 89, 90, 91, 93, 94, 95, 98, 99, 100, 105, 107, 108, 110, 115, 116, 117, 119, 126, 131, 133, 134, 136, 138, 139, 140, 143, 145, 146, 147, 148, 149, 150, 151, 152, 157, 158, 159, 160, 161, 162, 163, 166, 169, 171, 172, 173, 174, 178, 179, 180, 183, 187, 188, 192, 193, 194, 195, 197, 198, 199, 200, 202, 203, 204, 205, 206, 209, 213, 214, 217, 218, 219, 220, 221, 224, 225, 226, 231, 232, 235, 236, 238, 239, 240, 243, 244, 245, 246, 247, 250, 251, 252, 254, 255, 256, 257, 258, 261, 262, 264, 265, 266, 267, 268, 274, 275, 276, 277, 278, 279, 280, 281, 282, 283, 284, 287, 288, 289, 290, 293, 294, 295, 296, 297, 300, 301, 303, 304, 305, 307, 308, 309, 310

w : 0, 1, 2, 3, 4, 5, 6, 7, 8, 9, 10, 11, 12, 13, 14, 15, 16, 17, 18, 19, 20, 21, 22, 23, 24, 25, 26, 51, 52, 57, 59, 75, 76, 77, 78, 83, 85, 103, 104, 109, 111, 120, 121, 122, 123, 124, 125, 129, 130, 135, 137, 155, 156, 176, 177, 181, 182, 189, 190, 191, 207, 208, 222, 223, 233, 234, 237, 259, 260, 263, 269, 270, 271, 285, 286, 311, 312, 313, 314, 315, 316, 317, 318, 319, 320, 321, 322, 323, 324, 325, 326, 327, 328, 329, 330, 331, 332, 333, 334, 335, 336, 337

A : 47

c : 229, 302

b : 113, 216

