object : Index

A : 23

1 : 103, 158

0 : 88, 149, 193

. : 17, 18, 19, 20, 33, 34, 35, 36, 37, 38, 39, 40, 41, 42, 43, 44, 45, 46, 49, 50, 51, 52, 53, 54, 55, 56, 57, 58, 59, 60, 61, 62, 65, 66, 67, 68, 74, 75, 76, 77, 78, 82, 83, 84, 90, 91, 92, 93, 98, 99, 100, 106, 107, 108, 109, 113, 114, 115, 116, 117, 118, 119, 120, 121, 122, 123, 124, 125, 129, 130, 131, 132, 133, 134, 135, 136, 137, 138, 139, 140, 141, 142, 146, 147, 148, 154, 155, 156, 157, 162, 163, 164, 170, 171, 172, 173, 174, 178, 179, 180, 181, 182, 185, 186, 187, 188, 189, 190, 194, 195, 196, 197, 198, 201, 202, 203, 204, 205, 206, 210, 211, 212, 213, 214, 217, 218, 219, 220, 221, 222, 226, 227, 228, 229, 230, 231, 232, 233, 234, 235, 236, 237

w : 0, 1, 2, 3, 4, 5, 6, 7, 8, 9, 10, 11, 12, 13, 14, 15, 16, 31, 32, 48, 64, 79, 80, 95, 96, 111, 127, 128, 143, 144, 159, 160, 165, 166, 167, 168, 169, 175, 176, 184, 191, 192, 200, 207, 208, 209, 216, 223, 224, 239, 240, 241, 242, 243, 244, 245, 246, 247, 248, 249, 250, 251, 252, 253, 254, 255

l : 47, 63

- : 21, 22, 24, 25, 26, 27, 28, 29, 30, 81, 85, 87, 89, 94, 97, 101, 102, 104, 105, 110, 126, 145, 150, 151, 152, 161, 177, 183, 199

r : 112

3 : 86, 153, 215, 238

, : 69, 70, 71, 72, 73

g : 225

