object : Index

1 : 17, 19, 23, 29, 33, 34, 40, 46, 48, 68, 72, 79, 82, 87, 88, 95, 96, 99, 101

x : 102

h : 20, 49, 57, 58, 94, 100

. : 15, 16, 18, 21, 22, 24, 27, 28, 30, 31, 32, 35, 36, 37, 41, 42, 43, 44, 45, 47, 50, 55, 66, 67, 69, 70, 71, 73, 74, 75, 76, 80, 81, 83, 84, 85, 86, 89, 92, 93, 97, 98

w : 0, 1, 2, 3, 4, 5, 6, 7, 8, 9, 10, 11, 12, 13, 25, 26, 38, 39, 51, 52, 53, 54, 56, 59, 60, 61, 62, 63, 64, 65, 77, 78, 90, 91, 103, 104, 105, 106, 107, 108, 109, 110, 111, 112, 113, 114, 115, 116

A : 14

