object : Index

o : 44, 47, 90, 95, 97, 99, 100, 102, 113, 115, 121, 123, 127, 128, 148, 163, 169, 194, 199, 209, 210, 211, 219, 254, 255, 264, 269, 276, 280, 298, 299, 302

b : 69, 157

e : 58

x : 83, 84, 85, 98, 105, 122, 153, 154, 179, 180, 205, 206, 241, 250, 252, 266, 267, 279, 281, 282, 295, 300, 301

. : 27, 28, 29, 30, 31, 32, 33, 34, 35, 36, 37, 38, 39, 40, 41, 42, 43, 45, 46, 48, 49, 50, 56, 57, 59, 60, 61, 62, 63, 64, 65, 66, 67, 68, 75, 76, 79, 80, 81, 82, 86, 87, 88, 89, 91, 92, 93, 94, 96, 101, 106, 107, 108, 109, 110, 111, 112, 114, 116, 117, 118, 119, 120, 124, 125, 126, 140, 141, 142, 143, 144, 145, 146, 147, 149, 150, 151, 159, 160, 161, 164, 165, 166, 167, 168, 170, 171, 172, 173, 174, 175, 176, 177, 185, 186, 187, 188, 189, 190, 191, 192, 195, 196, 197, 198, 200, 201, 202, 203, 212, 213, 214, 215, 216, 217, 218, 220, 221, 222, 223, 224, 226, 227, 228, 229, 231, 232, 235, 236, 237, 238, 239, 240, 242, 243, 244, 245, 253, 257, 258, 261, 262, 263, 265, 268, 270, 271, 272, 273, 274, 275, 277, 278, 283, 284, 290, 291, 292, 293, 294, 296, 297, 304, 305, 306, 307, 309, 310

w : 0, 1, 2, 3, 4, 5, 6, 7, 8, 9, 10, 11, 12, 13, 14, 15, 16, 17, 18, 19, 20, 21, 22, 23, 24, 25, 26, 51, 52, 77, 78, 103, 104, 129, 130, 131, 132, 133, 134, 135, 136, 137, 138, 139, 152, 155, 156, 178, 181, 182, 204, 207, 208, 230, 233, 234, 246, 247, 248, 249, 256, 259, 260, 285, 286, 308, 311, 312, 313, 314, 315, 316, 317, 318, 319, 320, 321, 322, 323, 324, 325, 326, 327, 328, 329, 330, 331, 332, 333, 334, 335, 336, 337

- : 53, 54, 55, 70, 71, 72, 73, 74, 158, 183, 184, 225, 251, 288, 289, 303

c : 162, 287

A : 193

