object : Index

A : 73

g : 40, 41, 42, 43, 44, 51, 52, 54, 56, 64, 65, 66, 68, 75, 76, 78, 79, 80, 88, 89, 90, 92, 99, 100, 102, 103, 104

r : 39, 53, 55, 63, 67, 77, 87, 91, 101

. : 0, 1, 2, 3, 4, 5, 6, 7, 8, 9, 10, 11, 12, 13, 14, 15, 16, 17, 18, 19, 20, 21, 22, 23, 24, 25, 26, 27, 28, 29, 30, 31, 32, 33, 34, 35, 36, 37, 38, 45, 46, 47, 48, 49, 50, 57, 58, 59, 60, 61, 62, 69, 70, 71, 72, 74, 81, 82, 83, 84, 85, 86, 93, 94, 95, 96, 97, 98, 105, 106, 107, 108, 109, 110, 111, 112, 113, 114, 115, 116, 117, 118, 119, 120, 121, 122, 123, 124, 125, 126, 127, 128, 129, 130, 131, 132, 133, 134, 135, 136, 137, 138, 139, 140, 141, 142, 143

