object : Index

A : 113

2 : 34, 36, 62

h : 73

. : 14, 15, 16, 17, 18, 19, 20, 21, 22, 23, 24, 27, 28, 31, 32, 33, 35, 37, 40, 41, 42, 43, 45, 46, 47, 48, 49, 50, 53, 54, 55, 57, 58, 59, 60, 61, 63, 66, 67, 68, 69, 70, 71, 72, 74, 75, 76, 79, 80, 81, 82, 84, 85, 86, 87, 89, 92, 93, 94, 95, 96, 97, 99, 100, 101, 102, 105, 106, 107, 108, 109, 110, 111, 112, 114, 115

w : 0, 1, 2, 3, 4, 5, 6, 7, 8, 9, 10, 11, 12, 13, 25, 26, 38, 39, 51, 52, 64, 65, 77, 78, 90, 91, 103, 104, 116, 117, 118, 119, 120, 121, 122, 123, 124, 125, 126, 127, 128, 129

b : 88

a : 56

1 : 29, 30, 44, 83, 98

