object : Index

1 : 23

. : 14, 16, 19, 20, 21, 22, 24, 27, 28, 32, 33, 34, 35, 36, 37, 40, 41, 42, 43, 44, 45, 46, 47, 48, 49, 53, 54, 55, 56, 57, 58, 59, 66, 67, 68, 69, 70, 71, 72, 75, 76, 79, 80, 81, 83, 84, 85, 87, 88, 89, 93, 94, 96, 97, 98, 99, 100, 101, 102

w : 0, 1, 2, 3, 4, 5, 6, 7, 8, 9, 10, 11, 12, 13, 18, 25, 26, 29, 30, 31, 38, 39, 51, 52, 60, 61, 62, 63, 64, 65, 73, 77, 78, 82, 86, 90, 91, 95, 103, 104, 105, 106, 107, 108, 109, 110, 111, 112, 113, 114, 115, 116

A : 92

2 : 50

g : 17

+ : 74

3 : 15

