object : Index

s : 265, 266, 267, 268, 269, 270, 271, 272, 273, 274, 276, 277, 278, 279, 280, 281, 282, 283

A : 275

. : 22, 23, 24, 25, 26, 27, 28, 29, 30, 31, 32, 33, 34, 35, 36, 37, 38, 39, 40, 41, 42, 43, 44, 45, 46, 47, 48, 49, 50, 51, 52, 54, 55, 56, 57, 59, 60, 61, 62, 63, 64, 65, 66, 67, 68, 69, 70, 76, 78, 79, 81, 82, 83, 84, 85, 86, 87, 88, 89, 91, 95, 96, 97, 98, 100, 101, 104, 105, 106, 107, 108, 109, 110, 111, 115, 116, 117, 118, 119, 120, 123, 124, 125, 126, 127, 128, 129, 130, 131, 132, 133, 134, 136, 137, 138, 141, 142, 143, 144, 146, 147, 148, 151, 153, 154, 155, 156, 158, 159, 160, 163, 164, 165, 166, 173, 175, 176, 177, 181, 182, 183, 184, 185, 186, 187, 188, 189, 190, 192, 193, 194, 195, 196, 197, 198, 199, 200, 219, 220, 221, 222, 223, 224, 225, 226, 227, 228, 229, 230, 231, 232, 233, 234, 235, 236, 237, 238, 239, 240, 241, 242, 243, 244, 245, 246, 247, 248, 249, 250, 251, 252, 253, 254, 255, 256, 257, 258, 259, 260, 261, 262, 263

w : 0, 1, 2, 3, 4, 5, 6, 7, 8, 9, 10, 11, 12, 13, 14, 15, 16, 17, 18, 19, 20, 21, 286, 287, 288, 289, 290, 291, 292, 293, 294, 295, 296, 297, 298, 299, 300, 301, 302, 303, 304, 305, 306, 307

p : 264

b : 72, 73, 74, 75, 80, 92, 93, 94, 99, 102, 103, 112, 113, 114, 121, 122, 157, 161, 162, 167, 168, 169, 170, 171, 172, 174, 178, 179, 180, 191, 201, 202, 203, 204, 205, 206, 207, 208, 209, 210, 211, 212, 213, 214, 215, 216, 217, 218

q : 285

c : 53, 58, 71, 77, 90, 135, 139, 140, 145, 149, 150, 152

j : 284

