object : Index

_ : 40, 41, 43, 44, 46, 47, 48, 49, 50, 51, 53, 54, 56, 57, 58, 60, 61, 62, 63, 64, 66, 67, 68, 69, 71, 72, 73, 77, 78, 79, 80, 82, 83, 89, 90, 91, 92, 93, 99, 104, 105, 106, 109, 112, 115, 116, 118, 122, 123, 124, 125, 129, 130, 131, 132, 133, 135, 136, 137, 138, 139, 140, 141, 144, 145, 146, 147, 148, 149, 150, 153, 154, 157, 158, 159, 160, 161, 162, 163, 164, 165, 166, 167, 168, 169, 170, 171, 172, 173, 174, 175, 176, 177, 178, 179, 180, 181, 182, 183, 184, 185, 186, 188, 191, 192, 193, 194, 195, 196, 197, 198, 202, 203, 204, 205, 209, 210, 211, 212, 213, 215, 216, 217, 218, 219, 220, 221, 224, 225, 226, 229, 234, 238, 239, 240, 247, 248, 249, 254, 255, 256, 261, 262, 263, 268, 269, 270, 271, 272, 274, 275, 276, 277, 278, 280, 281, 282, 284, 285, 286, 288, 289, 290, 291, 293, 294, 296, 297, 298, 300, 301

2 : 74, 302

4 : 39, 267

w : 0, 1, 2, 3, 4, 5, 6, 7, 8, 9, 10, 11, 12, 13, 14, 15, 16, 17, 18, 19, 20, 21, 22, 23, 24, 25, 26, 27, 28, 29, 30, 31, 32, 33, 34, 35, 36, 37, 38, 75, 76, 113, 114, 151, 152, 189, 190, 227, 228, 265, 266, 303, 304, 305, 306, 307, 308, 309, 310, 311, 312, 313, 314, 315, 316, 317, 318, 319, 320, 321, 322, 323, 324, 325, 326, 327, 328, 329, 330, 331, 332, 333, 334, 335, 336, 337, 338, 339, 340, 341

l : 42, 45, 59, 70

n : 155

e : 187

r : 52, 55, 65

. : 279, 287, 299

, : 273, 283, 292, 295

A : 156

0 : 81, 84, 85, 86, 87, 88, 94, 95, 96, 97, 98, 100, 101, 102, 103, 107, 108, 110, 111, 117, 119, 120, 121, 126, 127, 128, 134, 142, 143, 199, 200, 201, 206, 207, 208, 214, 222, 223, 230, 231, 232, 233, 235, 236, 237, 241, 242, 243, 244, 245, 246, 250, 251, 252, 253, 257, 258, 259, 260, 264

