object : Index

w : 0, 1, 2, 3, 4, 5, 6, 7, 8, 9, 10, 11, 12, 13, 14, 15, 16, 17, 18, 19, 20, 21, 22, 36, 43, 44, 58, 65, 66, 67, 68, 69, 70, 71, 72, 80, 87, 88, 102, 103, 104, 105, 106, 107, 109, 110, 125, 131, 132, 139, 147, 148, 149, 150, 153, 154, 155, 156, 157, 158, 159, 161, 175, 176, 183, 186, 187, 188, 189, 197, 198, 202, 210, 219, 220, 224, 232, 241, 242, 243, 244, 245, 246, 247, 248, 249, 250, 251, 253, 254, 255, 256, 257, 258, 259, 260, 261, 262, 263, 264, 272, 273, 275, 285, 286, 290, 291, 292, 293, 294, 297, 307, 308, 312, 319, 320, 321, 322, 323, 324, 329, 330, 337, 338, 339, 351, 352, 353, 354, 355, 356, 357, 358, 366, 367, 368, 369, 370, 371, 372, 373, 374, 395, 396, 402, 417, 418, 424, 439, 440, 441, 442, 443, 444, 445, 446, 447, 448, 449, 450, 451, 452, 453, 454, 455, 456, 457, 458, 459, 460, 461

k : 271

l : 252

g : 54, 55, 61, 114, 116, 206, 298, 299, 359, 361, 430

m : 89, 284

s : 341

x : 48

r : 41, 76, 135, 327, 377, 386

. : 24, 25, 26, 27, 28, 29, 30, 31, 32, 33, 34, 35, 37, 38, 40, 42, 45, 46, 47, 49, 50, 51, 52, 53, 56, 57, 59, 60, 62, 63, 64, 73, 74, 75, 77, 78, 79, 82, 83, 84, 85, 86, 90, 91, 92, 93, 94, 95, 96, 97, 98, 99, 100, 101, 108, 111, 112, 117, 118, 119, 120, 121, 122, 123, 124, 126, 127, 128, 129, 130, 133, 134, 136, 137, 138, 140, 141, 142, 143, 144, 145, 146, 151, 152, 160, 162, 163, 164, 165, 166, 167, 168, 169, 170, 171, 172, 173, 174, 177, 178, 179, 180, 181, 182, 184, 185, 190, 191, 193, 194, 195, 196, 199, 200, 201, 203, 204, 208, 209, 211, 214, 215, 216, 217, 218, 221, 222, 223, 225, 226, 227, 228, 229, 230, 231, 233, 234, 235, 236, 237, 239, 240, 265, 266, 267, 268, 269, 270, 274, 276, 277, 278, 279, 281, 282, 283, 287, 295, 296, 300, 301, 302, 303, 304, 305, 306, 309, 310, 311, 313, 314, 315, 316, 317, 318, 325, 326, 328, 331, 333, 334, 335, 336, 340, 342, 343, 344, 345, 346, 347, 348, 349, 350, 362, 363, 364, 365, 375, 376, 378, 379, 380, 381, 382, 383, 384, 385, 387, 388, 389, 390, 391, 392, 393, 394, 397, 398, 399, 400, 401, 403, 404, 405, 406, 407, 408, 409, 410, 411, 412, 413, 415, 416, 419, 420, 422, 423, 425, 426, 427, 428, 432, 433, 434, 435, 436, 437, 438

p : 81, 113, 238, 280, 332, 421

A : 414

h : 23, 39, 115, 192, 205, 207, 212, 213, 288, 289, 360, 429, 431

