object : Index

_ : 23, 24, 25, 26, 52, 53, 54, 69

t : 89, 125, 205

x : 20, 21, 22, 27, 28, 29, 200, 201, 202, 203

. : 17, 18, 19, 30, 33, 46, 49, 55, 57, 58, 59, 62, 65, 73, 76, 78, 81, 92, 94, 97, 105, 108, 110, 114, 115, 116, 117, 118, 119, 120, 121, 122, 123, 124, 129, 133, 135, 140, 145, 151, 161, 162, 165, 166, 167, 177, 183, 188, 193, 194, 197, 198, 199

w : 0, 1, 2, 3, 4, 5, 6, 7, 8, 9, 10, 11, 12, 13, 14, 15, 16, 31, 32, 34, 35, 36, 37, 38, 39, 40, 41, 42, 43, 44, 45, 47, 48, 50, 61, 63, 64, 66, 67, 68, 70, 71, 72, 74, 75, 77, 79, 80, 82, 83, 84, 86, 87, 88, 90, 91, 93, 95, 96, 98, 99, 100, 102, 103, 104, 106, 107, 109, 111, 112, 127, 128, 130, 131, 132, 134, 136, 137, 138, 139, 141, 142, 143, 144, 146, 147, 148, 149, 150, 152, 153, 154, 155, 157, 158, 159, 160, 168, 169, 170, 171, 173, 174, 175, 176, 178, 179, 180, 181, 182, 184, 185, 186, 187, 189, 190, 191, 192, 206, 207, 208, 209, 210, 211, 212, 213, 214, 215, 216, 217, 218, 219, 220, 221, 222, 223

f : 51

A : 113

i : 204

c : 56, 60, 85, 101, 156, 163, 164, 172, 195, 196

e : 126

