object : Index

A : 154

t : 73

x : 28, 29, 37, 38, 42, 44, 45, 46, 52, 53, 54, 60, 61, 67, 68, 69, 70, 76, 77, 82, 83, 84, 85, 86, 91, 92, 93, 99, 100, 101, 102, 106, 107, 108, 109, 120, 121, 122, 123, 124, 125, 155

. : 0, 1, 3, 4, 5, 6, 7, 8, 9, 10, 11, 12, 13, 14, 15, 16, 17, 18, 19, 20, 21, 22, 23, 24, 25, 26, 27, 30, 31, 32, 33, 34, 35, 36, 40, 41, 47, 48, 49, 50, 51, 55, 56, 58, 59, 62, 63, 64, 65, 66, 71, 72, 74, 75, 78, 79, 80, 81, 87, 88, 89, 90, 94, 95, 96, 97, 98, 103, 104, 105, 110, 111, 112, 113, 114, 115, 116, 117, 118, 119, 126, 127, 128, 129, 130, 134, 135, 136, 137, 138, 139, 140, 141, 142, 143, 144, 145, 146, 147, 148, 149, 150, 151, 152, 153, 156, 157, 158, 159

b : 39, 43, 57, 131, 132, 133

g : 2

