object : Index

i : 29, 30, 31, 32, 33, 34, 35, 36, 37, 38, 39, 40, 41, 42, 43, 44, 45, 46, 47, 48, 49, 50, 51, 52, 53, 54

t : 85, 86, 90, 91, 95, 96, 97, 99, 102, 103, 104, 107, 108, 109, 110, 197, 198, 202, 203, 207, 209, 210, 213, 215, 216, 217, 221, 222, 309, 310, 314, 315, 321, 322, 323, 326, 327, 328, 331, 332, 333, 334

x : 256, 260, 276, 277

. : 57, 58, 59, 60, 61, 64, 65, 66, 67, 68, 69, 70, 71, 72, 76, 77, 78, 79, 80, 81, 82, 115, 116, 117, 118, 119, 121, 122, 123, 124, 125, 126, 127, 128, 130, 131, 132, 133, 134, 135, 138, 141, 143, 144, 145, 146, 148, 149, 150, 151, 152, 154, 155, 156, 157, 158, 159, 160, 161, 162, 163, 165, 166, 225, 226, 227, 229, 230, 231, 232, 233, 234, 235, 236, 237, 238, 240, 241, 242, 243, 244, 245, 246, 248, 249, 250, 253, 254, 255, 257, 258, 259, 261, 262, 263, 264, 265, 266, 267, 268, 269, 270, 271, 272, 273, 274, 275, 278, 337, 339, 340, 341, 342, 343, 344, 345, 346, 347, 348, 350, 351, 352, 353, 354, 355, 356, 357, 359, 360, 361, 362

w : 0, 1, 2, 3, 4, 5, 6, 7, 8, 9, 10, 11, 12, 13, 14, 15, 16, 17, 18, 19, 20, 21, 22, 23, 24, 25, 26, 27, 28, 55, 56, 83, 84, 111, 112, 139, 140, 167, 168, 195, 196, 223, 224, 251, 252, 279, 280, 307, 308, 335, 336, 363, 364, 391, 392, 393, 394, 395, 396, 397, 398, 399, 400, 401, 402, 403, 404, 405, 406, 407, 408, 409, 410, 411, 412, 413, 414, 415, 416, 417, 418, 419

_ : 62, 63, 73, 74, 75, 142, 147, 153, 164

l : 113, 114, 120, 129, 136, 137

+ : 87, 88, 89, 92, 93, 94, 98, 100, 101, 105, 106, 169, 170, 171, 172, 173, 174, 175, 176, 177, 178, 179, 180, 181, 182, 183, 184, 185, 186, 187, 188, 189, 190, 191, 192, 193, 194, 199, 200, 201, 204, 205, 206, 208, 211, 212, 214, 218, 219, 220, 281, 282, 283, 284, 285, 286, 287, 288, 289, 290, 291, 292, 293, 294, 295, 296, 297, 298, 299, 300, 301, 302, 303, 304, 305, 306, 311, 312, 313, 316, 317, 318, 319, 320, 324, 325, 329, 330, 365, 366, 367, 368, 369, 370, 371, 372, 373, 374, 375, 376, 378, 379, 380, 381, 382, 383, 384, 385, 386, 387, 388, 389, 390

S : 377

- : 228, 239, 247, 338, 349, 358

