object : Index

e : 23

x : 205

h : 36, 68, 69, 70, 71, 72, 73, 74, 138, 141, 159, 162, 180, 183

. : 22, 24, 25, 26, 27, 28, 29, 30, 31, 33, 34, 37, 38, 39, 40, 43, 44, 45, 54, 55, 60, 61, 64, 65, 66, 75, 76, 77, 78, 80, 81, 82, 85, 86, 87, 89, 90, 91, 92, 93, 94, 95, 96, 97, 98, 99, 100, 101, 102, 103, 110, 111, 112, 113, 114, 115, 127, 128, 129, 130, 131, 132, 133, 134, 135, 136, 143, 144, 145, 148, 149, 150, 151, 153, 155, 156, 157, 164, 165, 166, 169, 170, 172, 173, 174, 176, 177, 178, 185, 186, 187, 190, 191, 192, 193, 194, 195, 197, 198, 199, 206, 207, 208

w : 0, 1, 2, 3, 4, 5, 6, 7, 8, 9, 10, 11, 12, 13, 14, 15, 16, 17, 18, 19, 20, 21, 32, 35, 41, 42, 46, 47, 48, 49, 50, 51, 52, 53, 56, 57, 58, 59, 62, 63, 67, 79, 83, 84, 88, 104, 105, 106, 107, 108, 109, 116, 117, 118, 119, 120, 121, 122, 123, 124, 125, 126, 137, 139, 140, 142, 146, 147, 152, 154, 158, 160, 161, 163, 167, 168, 175, 179, 181, 182, 184, 188, 189, 196, 200, 201, 202, 203, 204, 209, 210, 211, 212, 213, 214, 215, 216, 217, 218, 219, 220, 221, 222, 223, 224, 225, 226, 227, 228, 229, 230

A : 171

