object : Index

d : 52, 116, 171, 182

A : 199

1 : 208

r : 65, 101

. : 18, 19, 21, 22, 23, 24, 25, 26, 33, 34, 35, 36, 37, 38, 39, 40, 41, 61, 62, 63, 64, 66, 67, 68, 69, 70, 71, 72, 73, 76, 77, 78, 79, 80, 81, 82, 83, 84, 85, 86, 87, 88, 91, 92, 93, 94, 95, 96, 97, 98, 99, 100, 102, 103, 121, 122, 123, 124, 125, 127, 128, 129, 130, 131, 132, 133, 136, 137, 139, 140, 142, 143, 145, 146, 147, 148, 151, 153, 154, 155, 157, 158, 160, 161, 162, 163, 166, 167, 168, 169, 170, 172, 173, 174, 175, 176, 177, 178, 196, 197, 198, 200, 201, 202, 203, 204, 205, 206, 207, 211, 212, 213, 214, 215, 216, 217, 218, 219, 220, 221, 222

w : 0, 1, 2, 3, 4, 5, 6, 7, 8, 9, 10, 11, 12, 13, 14, 15, 16, 17, 27, 28, 29, 30, 31, 32, 42, 43, 44, 45, 46, 47, 48, 49, 50, 51, 53, 54, 55, 56, 57, 58, 59, 60, 74, 75, 89, 90, 104, 105, 106, 107, 108, 109, 110, 111, 112, 113, 114, 115, 117, 118, 119, 120, 126, 134, 135, 141, 149, 150, 156, 164, 165, 179, 180, 181, 183, 184, 185, 186, 187, 188, 189, 190, 191, 192, 193, 194, 195, 209, 210, 224, 225, 226, 227, 228, 229, 230, 231, 232, 233, 234, 235, 236, 237, 238, 239

b : 20

0 : 223

g : 138, 152

y : 144, 159

