object : Index

e : 58, 60, 64, 65, 67, 68, 72, 74, 82, 83, 86, 96, 98, 102, 103, 105, 106, 110, 112, 116, 118, 121, 122, 124, 125, 129, 131, 134, 135, 139, 142, 143, 147, 150

. : 59, 61, 63, 66, 69, 71, 73, 77, 84, 85, 87, 88, 91, 97, 99, 101, 104, 107, 109, 111, 115, 117, 119, 120, 123, 126, 127, 128, 130, 136, 137, 140, 141, 144, 145, 148, 149

w : 0, 1, 2, 3, 4, 5, 6, 7, 8, 9, 10, 11, 12, 13, 14, 15, 16, 17, 18, 19, 37, 38, 40, 41, 42, 43, 44, 45, 46, 47, 48, 49, 50, 51, 52, 53, 54, 56, 57, 62, 70, 75, 76, 78, 79, 80, 81, 89, 90, 92, 93, 94, 95, 100, 108, 113, 114, 132, 133, 138, 146, 151, 152, 153, 154, 155, 156, 157, 158, 164, 165, 166, 167, 168, 169, 170, 171, 189, 190, 191, 192, 193, 194, 195, 196, 197, 198, 199, 200, 201, 202, 203, 204, 205, 206, 207, 208

, : 20, 21, 22, 23, 24, 25, 26, 27, 29, 30, 31, 32, 33, 34, 35, 36, 39, 55, 159, 160, 161, 162, 163, 172, 173, 174, 175, 176, 177, 178, 179, 181, 182, 183, 184, 185, 186, 187, 188

A : 180

g : 28

