object : Index

1 : 404

0 : 117, 135, 813, 836

. : 116, 118, 119, 120, 121, 122, 123, 124, 125, 126, 127, 128, 129, 130, 131, 132, 133, 134, 137, 144, 148, 154, 161, 165, 172, 176, 182, 189, 193, 200, 204, 210, 217, 221, 228, 232, 238, 245, 249, 256, 260, 261, 262, 263, 264, 265, 266, 267, 268, 269, 270, 271, 272, 273, 274, 277, 284, 305, 312, 333, 340, 361, 368, 389, 426, 445, 454, 472, 473, 482, 489, 500, 510, 517, 525, 526, 527, 528, 538, 545, 553, 563, 564, 565, 566, 567, 568, 569, 570, 571, 572, 573, 574, 575, 576, 577, 578, 579, 580, 581, 591, 601, 609, 619, 629, 637, 647, 657, 665, 675, 685, 693, 703, 713, 721, 731, 741, 749, 752, 757, 758, 759, 760, 761, 762, 763, 764, 765, 766, 768, 769, 770, 771, 772, 773, 774, 775, 776, 777, 778, 779, 780, 785, 808, 814, 815, 816, 817, 818, 819, 820, 821, 822, 823, 824, 825, 826, 827, 828, 829, 830, 831, 832, 833, 834, 835

w : 0, 1, 2, 3, 4, 5, 6, 7, 8, 9, 10, 11, 12, 13, 14, 15, 16, 17, 18, 19, 20, 21, 22, 23, 24, 25, 26, 27, 28, 29, 30, 31, 32, 33, 34, 35, 36, 37, 38, 39, 40, 41, 42, 43, 44, 45, 46, 47, 48, 49, 50, 51, 52, 53, 54, 55, 56, 57, 58, 59, 60, 61, 62, 63, 64, 65, 66, 67, 68, 69, 70, 71, 72, 73, 74, 75, 76, 77, 78, 79, 80, 81, 82, 83, 84, 85, 86, 87, 88, 89, 90, 91, 92, 93, 94, 95, 96, 97, 98, 99, 100, 101, 102, 103, 104, 105, 106, 107, 108, 109, 110, 111, 112, 113, 114, 115, 136, 138, 139, 140, 141, 142, 143, 145, 146, 147, 149, 150, 151, 152, 153, 155, 156, 157, 158, 159, 160, 162, 163, 164, 166, 167, 168, 169, 170, 171, 173, 174, 175, 177, 178, 179, 180, 181, 183, 184, 185, 186, 187, 188, 190, 191, 192, 194, 195, 196, 197, 198, 199, 201, 202, 203, 205, 206, 207, 208, 209, 211, 212, 213, 214, 215, 216, 218, 219, 220, 222, 223, 224, 225, 226, 227, 229, 230, 231, 233, 234, 235, 236, 237, 239, 240, 241, 242, 243, 244, 246, 247, 248, 250, 251, 252, 253, 254, 255, 257, 258, 259, 275, 276, 278, 279, 280, 281, 282, 283, 285, 286, 287, 288, 289, 290, 291, 292, 293, 294, 295, 296, 297, 298, 299, 300, 301, 302, 303, 304, 306, 307, 308, 309, 310, 311, 313, 314, 315, 316, 327, 328, 329, 330, 331, 332, 334, 335, 336, 337, 338, 339, 341, 342, 343, 344, 355, 356, 357, 358, 359, 360, 362, 363, 364, 365, 366, 367, 369, 370, 371, 372, 374, 375, 376, 379, 380, 381, 383, 384, 385, 386, 387, 388, 390, 391, 402, 403, 408, 409, 420, 421, 422, 423, 424, 425, 427, 428, 430, 431, 432, 433, 434, 435, 436, 437, 439, 440, 441, 442, 443, 444, 446, 447, 448, 449, 450, 451, 452, 453, 455, 456, 467, 468, 469, 470, 471, 474, 475, 476, 477, 478, 479, 480, 481, 483, 484, 485, 486, 487, 488, 490, 491, 492, 493, 494, 495, 496, 497, 498, 499, 501, 502, 503, 504, 505, 506, 507, 508, 509, 511, 512, 513, 514, 515, 516, 518, 519, 520, 521, 522, 523, 529, 530, 531, 532, 533, 534, 535, 536, 537, 539, 540, 541, 542, 543, 544, 546, 547, 548, 549, 550, 551, 552, 554, 555, 556, 557, 558, 559, 560, 561, 562, 582, 583, 584, 585, 586, 587, 588, 589, 590, 592, 593, 594, 595, 596, 597, 598, 599, 600, 602, 603, 604, 605, 606, 607, 608, 610, 611, 612, 613, 614, 615, 616, 617, 618, 620, 621, 622, 623, 624, 625, 626, 627, 628, 630, 631, 632, 633, 634, 635, 636, 638, 639, 640, 641, 642, 643, 644, 645, 646, 648, 649, 650, 651, 652, 653, 654, 655, 656, 658, 659, 660, 661, 662, 663, 664, 666, 667, 668, 669, 670, 671, 672, 673, 674, 676, 677, 678, 679, 680, 681, 682, 683, 684, 686, 687, 688, 689, 690, 691, 692, 694, 695, 696, 697, 698, 699, 700, 701, 702, 704, 705, 706, 707, 708, 709, 710, 711, 712, 714, 715, 716, 717, 718, 719, 720, 722, 723, 724, 725, 726, 727, 728, 729, 730, 732, 733, 734, 735, 736, 737, 738, 739, 740, 742, 743, 744, 745, 746, 747, 748, 750, 751, 753, 754, 755, 756, 781, 782, 783, 784, 786, 787, 788, 789, 790, 791, 792, 793, 794, 795, 796, 797, 798, 799, 800, 801, 802, 803, 804, 805, 806, 807, 809, 810, 811, 812, 837, 838, 839, 840, 841, 842, 843, 844, 845, 846, 847, 848, 849, 850, 851, 852, 853, 854, 855, 856, 857, 858, 859, 860, 861, 862, 863, 864, 865, 866, 867

f : 524

A : 767

3 : 406

+ : 317, 318, 319, 320, 321, 322, 323, 324, 325, 326, 345, 346, 347, 348, 349, 350, 351, 352, 353, 354, 373, 377, 378, 382, 392, 393, 394, 395, 396, 397, 398, 399, 400, 401, 410, 411, 412, 413, 414, 415, 416, 417, 418, 419, 429, 438, 457, 458, 459, 460, 461, 462, 463, 464, 465, 466

2 : 405

4 : 407

