object : Index

s : 266, 267, 268, 269, 270, 271, 272, 273, 274, 275, 276, 277, 278, 279, 280, 282, 283, 284

A : 265

. : 22, 23, 26, 27, 28, 29, 30, 31, 32, 33, 34, 35, 36, 37, 38, 39, 40, 41, 42, 43, 44, 45, 48, 49, 50, 51, 52, 54, 55, 56, 57, 58, 59, 60, 61, 62, 63, 64, 65, 66, 67, 68, 71, 72, 74, 76, 77, 78, 79, 81, 83, 85, 86, 87, 88, 89, 90, 93, 94, 98, 99, 100, 101, 107, 108, 109, 110, 111, 114, 116, 120, 121, 122, 123, 125, 126, 129, 130, 131, 132, 133, 134, 140, 142, 143, 144, 145, 148, 151, 152, 153, 154, 155, 156, 161, 162, 164, 165, 166, 167, 170, 171, 173, 174, 175, 176, 177, 178, 182, 186, 187, 188, 189, 193, 196, 197, 198, 199, 200, 201, 202, 203, 204, 205, 206, 207, 208, 209, 210, 211, 212, 213, 214, 215, 216, 217, 218, 219, 220, 221, 222, 223, 224, 225, 226, 227, 228, 229, 230, 231, 232, 233, 234, 235, 236, 237, 238, 239, 240, 241, 242, 243, 244, 245, 246, 247, 248, 249, 250, 251, 252, 253, 254, 255, 256, 257, 258, 259, 260, 261, 262, 263

w : 0, 1, 2, 3, 4, 5, 6, 7, 8, 9, 10, 11, 12, 13, 14, 15, 16, 17, 18, 19, 20, 21, 286, 287, 288, 289, 290, 291, 292, 293, 294, 295, 296, 297, 298, 299, 300, 301, 302, 303, 304, 305, 306, 307

p : 264

b : 46, 47, 69, 75, 91, 92, 95, 97, 102, 103, 104, 105, 106, 112, 113, 117, 118, 119, 124, 127, 128, 135, 136, 137, 139, 141, 146, 147, 149, 150, 157, 158, 159, 160, 163, 168, 169, 172, 179, 180, 181, 183, 184, 185, 190, 191, 192, 194, 195

q : 285

c : 24, 25, 53, 70, 73, 80, 82, 84, 96, 115, 138

j : 281

