object : Index

1 : 64, 176, 221, 248

x : 77, 192, 216, 246, 250, 277

0 : 33, 44, 50, 52, 82, 86, 92, 108, 137, 141, 173, 197, 222, 261, 265, 269, 275

. : 31, 32, 34, 35, 37, 38, 39, 41, 42, 43, 45, 49, 53, 54, 57, 58, 59, 60, 61, 62, 63, 65, 66, 67, 69, 70, 71, 72, 73, 75, 76, 78, 80, 81, 85, 87, 88, 89, 90, 91, 93, 95, 96, 97, 99, 100, 101, 102, 103, 104, 105, 106, 109, 110, 113, 114, 115, 124, 125, 126, 127, 128, 129, 130, 131, 132, 133, 134, 135, 136, 138, 142, 143, 144, 145, 146, 147, 148, 149, 150, 151, 152, 153, 154, 155, 156, 157, 158, 159, 162, 163, 169, 170, 171, 172, 174, 175, 177, 179, 180, 181, 182, 183, 184, 185, 186, 188, 189, 190, 191, 193, 194, 198, 199, 201, 202, 203, 204, 205, 206, 212, 213, 214, 217, 219, 220, 228, 229, 230, 231, 232, 233, 234, 235, 236, 237, 238, 239, 240, 241, 242, 243, 247, 249, 257, 258, 259, 260, 262, 263, 264, 266, 267, 268, 270, 274, 276

w : 0, 1, 2, 3, 4, 5, 6, 7, 8, 9, 10, 11, 12, 13, 14, 15, 16, 17, 18, 19, 20, 21, 22, 23, 24, 25, 26, 27, 28, 29, 30, 36, 40, 46, 47, 48, 51, 55, 56, 68, 79, 83, 84, 94, 107, 111, 112, 116, 117, 118, 119, 120, 121, 122, 123, 139, 140, 160, 161, 164, 165, 166, 167, 168, 178, 187, 195, 196, 200, 207, 208, 209, 210, 211, 215, 218, 223, 224, 225, 226, 227, 244, 245, 251, 252, 253, 254, 255, 271, 272, 273, 278, 279, 280, 281, 282, 283, 284, 285, 286, 287, 288, 289, 290, 291, 292, 293, 294, 295, 296, 297, 298, 299, 300, 301, 302, 303, 304, 305, 306, 307

A : 98

e : 74, 256

