object : Index

s : 161

1 : 124

0 : 23, 40, 46, 85, 90, 112, 119, 120, 153, 154, 158, 159, 160, 163, 164, 172, 173

. : 129, 130, 134, 135, 148, 149

w : 0, 1, 2, 3, 4, 5, 6, 7, 8, 9, 10, 11, 12, 13, 14, 15, 16, 17, 18, 19, 25, 26, 37, 38, 44, 50, 51, 52, 56, 57, 63, 69, 75, 76, 82, 94, 95, 96, 97, 98, 107, 113, 114, 126, 127, 128, 131, 132, 133, 136, 141, 142, 143, 144, 145, 146, 147, 150, 151, 152, 155, 162, 170, 171, 174, 181, 189, 190, 191, 192, 193, 194, 195, 196, 197, 198, 199, 200, 201, 202, 203, 204, 205, 206, 207, 208

A : 36

g : 188

+ : 20, 21, 22, 24, 27, 28, 29, 30, 31, 32, 33, 34, 35, 39, 41, 42, 43, 45, 47, 48, 49, 53, 54, 55, 58, 59, 60, 61, 62, 64, 65, 66, 67, 68, 70, 71, 72, 73, 74, 77, 78, 79, 80, 81, 83, 84, 86, 87, 88, 89, 91, 92, 93, 99, 100, 101, 102, 103, 104, 105, 106, 108, 109, 110, 111, 115, 116, 117, 118, 121, 122, 123, 125, 137, 138, 139, 140, 156, 157, 165, 166, 167, 168, 169, 175, 176, 177, 178, 179, 180, 182, 183, 184, 185, 186, 187

