object : Index

5 : 43

t : 60, 61, 62, 63, 64, 65, 66, 67, 75, 94, 98, 102, 103, 104, 105, 106, 123, 127, 134, 135, 136, 137, 138, 139, 140, 141, 142, 149, 150, 151, 152, 156, 194, 195, 196, 197, 198, 210, 211, 212, 218, 219, 220, 221, 222, 223, 224, 236, 237, 241, 250, 270, 276, 277, 278, 279, 282, 283, 284, 285, 286, 287, 299, 308, 322, 323, 324, 328, 332, 333, 334, 335, 336, 337

1 : 295

6 : 307

. : 30, 31, 32, 34, 35, 36, 37, 38, 39, 40, 41, 42, 44, 45, 46, 47, 48, 49, 50, 51, 52, 53, 54, 55, 56, 59, 68, 69, 70, 71, 72, 73, 76, 77, 78, 79, 81, 82, 83, 84, 85, 88, 89, 90, 91, 92, 93, 95, 96, 97, 99, 100, 101, 107, 108, 109, 110, 111, 112, 114, 117, 118, 119, 120, 122, 124, 125, 126, 128, 129, 130, 131, 132, 133, 143, 146, 147, 148, 153, 154, 155, 157, 158, 159, 160, 161, 162, 163, 164, 165, 166, 167, 168, 169, 170, 171, 172, 175, 176, 177, 178, 179, 180, 181, 182, 183, 184, 185, 186, 188, 189, 190, 191, 192, 193, 199, 200, 201, 204, 205, 206, 207, 208, 209, 213, 214, 215, 216, 217, 225, 226, 227, 228, 229, 230, 233, 234, 235, 238, 239, 240, 242, 243, 244, 245, 246, 247, 248, 249, 251, 252, 253, 254, 256, 257, 258, 259, 262, 263, 264, 265, 266, 267, 268, 269, 271, 272, 273, 274, 275, 280, 281, 288, 291, 292, 293, 294, 296, 297, 298, 300, 301, 302, 303, 304, 305, 306, 309, 310, 311, 312, 313, 314, 315, 316, 317, 320, 321, 325, 326, 327, 329, 330, 331, 338, 339, 340, 341, 343, 344, 345, 346, 349, 350, 351, 352, 353, 354, 356, 357, 358, 359, 360, 361, 362, 363, 365, 366, 367, 368, 369, 370, 371, 372, 373, 374, 375

w : 0, 1, 2, 3, 4, 5, 6, 7, 8, 9, 10, 11, 12, 13, 14, 15, 16, 17, 18, 19, 20, 21, 22, 23, 24, 25, 26, 27, 28, 29, 57, 58, 86, 87, 115, 116, 144, 145, 173, 174, 202, 203, 231, 232, 260, 261, 289, 290, 318, 319, 347, 348, 376, 377, 378, 379, 380, 381, 382, 383, 384, 385, 386, 387, 388, 389, 390, 391, 392, 393, 394, 395, 396, 397, 398, 399, 400, 401, 402, 403, 404, 405

A : 187

2 : 80

3 : 33

c : 74, 113, 121, 255, 355, 364

4 : 342

