object : Index

i : 29, 30, 31, 32, 33, 34, 35, 36, 37, 38, 39, 40, 41, 42, 43, 44, 45, 46, 47, 48, 49, 50, 51, 52, 53, 54

t : 88, 89, 90, 91, 93, 94, 95, 96, 102, 103, 106, 107, 108, 198, 200, 202, 204, 206, 208, 210, 212, 213, 215, 217, 219, 221, 311, 313, 314, 315, 317, 318, 320, 321, 323, 324, 325, 327, 328, 329, 331, 332, 333

x : 256, 261, 269, 275

. : 57, 58, 59, 60, 61, 62, 63, 64, 67, 68, 69, 70, 71, 72, 75, 76, 77, 78, 79, 81, 82, 113, 114, 115, 117, 118, 120, 121, 122, 123, 124, 125, 126, 127, 128, 129, 130, 131, 132, 134, 135, 136, 137, 138, 141, 143, 144, 145, 148, 149, 150, 151, 152, 153, 154, 155, 156, 157, 158, 160, 161, 162, 163, 164, 165, 166, 225, 227, 228, 229, 230, 231, 232, 233, 234, 235, 236, 237, 238, 239, 240, 242, 243, 244, 245, 246, 248, 249, 250, 253, 254, 255, 257, 258, 259, 260, 262, 263, 264, 265, 266, 267, 268, 270, 271, 272, 273, 274, 276, 277, 278, 337, 339, 340, 341, 342, 343, 344, 346, 347, 348, 349, 350, 351, 352, 353, 354, 355, 356, 357, 358, 359, 360, 361

w : 0, 1, 2, 3, 4, 5, 6, 7, 8, 9, 10, 11, 12, 13, 14, 15, 16, 17, 18, 19, 20, 21, 22, 23, 24, 25, 26, 27, 28, 55, 56, 83, 84, 111, 112, 139, 140, 167, 168, 195, 196, 223, 224, 251, 252, 279, 280, 307, 308, 335, 336, 363, 364, 391, 392, 393, 394, 395, 396, 397, 398, 399, 400, 401, 402, 403, 404, 405, 406, 407, 408, 409, 410, 411, 412, 413, 414, 415, 416, 417, 418, 419

_ : 65, 66, 73, 74, 80, 142, 146, 147, 159

l : 116, 119, 133

+ : 85, 86, 87, 92, 97, 98, 99, 100, 101, 104, 105, 109, 110, 169, 170, 171, 172, 173, 174, 175, 176, 177, 178, 179, 180, 181, 182, 183, 184, 185, 186, 187, 188, 189, 190, 191, 192, 193, 194, 197, 199, 201, 203, 205, 207, 209, 211, 214, 216, 218, 220, 222, 281, 282, 283, 284, 285, 286, 287, 288, 289, 290, 291, 292, 293, 294, 295, 296, 297, 298, 299, 300, 301, 302, 303, 304, 305, 306, 309, 310, 312, 316, 319, 322, 326, 330, 334, 365, 366, 367, 368, 369, 370, 371, 372, 373, 374, 375, 376, 378, 379, 380, 381, 382, 383, 384, 385, 386, 387, 388, 389, 390

S : 377

- : 226, 241, 247, 338, 345, 362

