object : Index

A : 66

r : 101

. : 14, 15, 16, 17, 18, 19, 20, 21, 22, 23, 24, 27, 28, 29, 31, 32, 33, 34, 35, 36, 37, 40, 42, 44, 46, 47, 48, 53, 55, 61, 71, 72, 79, 81, 84, 85, 86, 92, 94, 96, 97, 98, 99, 105, 107, 108, 109, 110, 111, 112, 118

w : 0, 1, 2, 3, 4, 5, 6, 7, 8, 9, 10, 11, 12, 13, 25, 26, 38, 39, 51, 52, 64, 65, 77, 78, 90, 91, 103, 104, 116, 117, 129, 130, 131, 132, 133, 134, 135, 136, 137, 138, 139, 140, 141, 142

- : 49, 50, 62, 63, 73, 74, 75, 76, 87, 88, 89, 100, 102, 113, 114, 115, 126, 127, 128

g : 60, 68

+ : 30, 41, 43, 45, 54, 56, 57, 58, 59, 69, 70, 80, 82, 83, 93, 95, 106, 119, 120, 121, 122, 123, 124, 125

@ : 67

