object : Index

A : 234

1 : 88, 96, 110, 118, 125, 127, 131, 178, 189, 201, 212, 219

0 : 32, 42, 52, 141, 166, 256, 266, 276

. : 29, 30, 34, 35, 36, 37, 38, 39, 40, 41, 43, 44, 45, 46, 47, 48, 49, 50, 54, 57, 58, 59, 60, 61, 62, 63, 64, 65, 66, 67, 68, 69, 70, 71, 72, 73, 74, 75, 76, 77, 78, 79, 80, 81, 82, 85, 86, 87, 89, 90, 91, 93, 94, 95, 97, 98, 99, 100, 101, 105, 106, 107, 108, 109, 113, 114, 115, 116, 117, 119, 121, 122, 123, 124, 126, 128, 129, 130, 132, 133, 134, 135, 136, 137, 138, 142, 143, 144, 145, 146, 147, 148, 150, 151, 152, 153, 154, 155, 156, 157, 158, 159, 160, 161, 162, 163, 164, 165, 169, 170, 171, 172, 173, 174, 175, 176, 177, 179, 180, 181, 186, 187, 188, 190, 191, 192, 193, 194, 197, 198, 199, 200, 202, 203, 204, 205, 206, 207, 208, 209, 211, 213, 214, 215, 216, 217, 218, 220, 221, 222, 225, 226, 227, 228, 229, 230, 231, 232, 233, 235, 236, 237, 238, 239, 240, 241, 242, 243, 244, 245, 246, 247, 248, 249, 250, 253, 254, 258, 259, 260, 261, 262, 263, 264, 265, 267, 268, 269, 270, 271, 272, 273, 274, 278

w : 0, 1, 2, 3, 4, 5, 6, 7, 8, 9, 10, 11, 12, 13, 14, 15, 16, 17, 18, 19, 20, 21, 22, 23, 24, 25, 26, 27, 28, 31, 33, 51, 53, 55, 56, 83, 84, 92, 102, 103, 104, 111, 112, 120, 139, 140, 149, 167, 168, 182, 183, 184, 185, 195, 196, 210, 223, 224, 251, 252, 255, 257, 275, 277, 279, 280, 281, 282, 283, 284, 285, 286, 287, 288, 289, 290, 291, 292, 293, 294, 295, 296, 297, 298, 299, 300, 301, 302, 303, 304, 305, 306, 307

