object : Index

2 : 26

4 : 40

w : 0, 1, 2, 3, 4, 5, 6, 7, 8, 9, 10, 11, 12, 15, 23, 24, 25, 27, 31, 32, 34, 35, 36, 43, 47, 48, 55, 59, 60, 61, 62, 63, 64, 66, 67, 68, 69, 70, 71, 72, 83, 84, 87, 90, 91, 92, 93, 94, 95, 96, 107, 108, 111, 115, 119, 120, 123, 124, 127, 131, 132, 135, 136, 139, 143, 144, 145, 146, 147, 148, 149, 150, 151, 152, 153, 154, 155

g : 22

1 : 65

d : 39, 89, 99, 103

i : 82

e : 57

x : 21, 121, 122

r : 116

. : 18, 19, 20, 30, 38, 41, 42, 44, 45, 46, 50, 51, 52, 53, 54, 56, 58, 73, 74, 75, 76, 77, 86, 88, 97, 98, 100, 101, 102, 104, 105, 106, 109, 110, 112, 113, 114, 117, 118, 128, 140, 141, 142

f : 16

- : 33

c : 13, 14, 37, 49, 81, 129, 130, 133, 134, 137, 138

A : 85

~ : 17, 28, 29, 78, 80, 125, 126

y : 79

