object : Index

A : 64

e : 35, 79

. : 14, 15, 16, 17, 25, 27, 28, 36, 38, 39, 40, 41, 42, 47, 49, 51, 53, 62, 63, 69, 71, 73, 74, 75, 80, 83, 84, 86, 91, 92, 94, 95, 96, 97, 103, 104, 105

w : 0, 1, 2, 3, 4, 5, 6, 7, 8, 9, 10, 11, 21, 22, 32, 33, 43, 44, 45, 46, 48, 50, 54, 55, 65, 66, 67, 68, 70, 72, 76, 77, 87, 88, 98, 99, 109, 110, 111, 112, 113, 114, 115, 116, 117, 118, 119, 120

1 : 57, 58, 59, 60, 61

g : 56

c : 12, 13, 18, 19, 20, 23, 24, 26, 29, 30, 31, 34, 37, 52, 78, 81, 82, 85, 89, 90, 93, 100, 101, 102, 106, 107, 108

