object : Index

A : 188

1 : 50, 157, 162

0 : 79, 156

. : 21, 23, 24, 25, 31, 32, 33, 53, 54, 59, 68, 90, 91, 116, 118, 128, 184, 185, 186, 187

w : 0, 1, 2, 3, 4, 5, 6, 7, 8, 9, 10, 11, 12, 13, 14, 15, 16, 17, 18, 19, 27, 37, 38, 45, 47, 56, 57, 64, 75, 76, 83, 86, 94, 95, 99, 103, 113, 114, 123, 126, 132, 133, 144, 151, 152, 160, 170, 171, 189, 190, 191, 192, 193, 194, 195, 196, 197, 198, 199, 200, 201, 202, 203, 204, 205, 206, 207, 208

- : 42, 62, 107, 109, 136, 142, 175, 176, 177, 178, 179, 180, 181

+ : 20, 22, 26, 28, 29, 30, 34, 35, 36, 39, 40, 41, 43, 44, 46, 48, 49, 52, 55, 58, 60, 61, 63, 65, 66, 67, 69, 70, 71, 72, 73, 74, 77, 78, 80, 81, 82, 84, 85, 87, 88, 89, 92, 93, 96, 97, 98, 100, 101, 102, 104, 105, 106, 108, 110, 111, 112, 115, 117, 119, 121, 122, 124, 125, 127, 129, 130, 131, 134, 135, 137, 138, 140, 141, 143, 145, 146, 147, 148, 149, 150, 153, 154, 155, 158, 159, 161, 163, 164, 166, 167, 168, 169, 172, 173, 174, 182, 183

2 : 51, 120, 139, 165

