object : Index

_ : 23, 24, 25, 26, 29, 30, 31, 32, 33, 34, 35, 39, 40, 41, 45, 46, 48, 52, 53, 60, 61, 64, 65, 67, 68, 72, 73, 74, 80, 81, 83, 84, 92, 93, 115, 124, 125, 126, 127, 128, 129, 130, 131, 134, 135, 136, 137, 141, 143, 150, 156, 157, 160, 163, 164, 165, 166, 167, 168, 173, 175, 176, 177, 178, 179, 181, 187, 188

. : 20, 21, 22, 27, 77, 78, 79, 86, 87, 88, 140, 182, 183, 184, 185, 186

w : 0, 1, 2, 3, 4, 5, 6, 7, 8, 9, 10, 11, 12, 13, 14, 15, 16, 17, 18, 19, 28, 37, 38, 47, 56, 57, 66, 75, 76, 85, 94, 95, 113, 114, 116, 117, 118, 119, 120, 121, 122, 123, 132, 133, 142, 151, 152, 153, 154, 161, 170, 171, 180, 189, 190, 191, 192, 193, 194, 195, 196, 197, 198, 199, 200, 201, 202, 203, 204, 205, 206, 207, 208

A : 36

g : 172

b : 42, 43, 44, 49, 50, 51, 54, 55, 58, 59, 62, 63, 69, 70, 71, 82, 89, 90, 91, 96, 97, 98, 99, 100, 101, 102, 103, 104, 105, 106, 107, 108, 109, 110, 111, 112, 138, 139, 144, 145, 146, 147, 148, 149, 155, 158, 159, 162, 169, 174

