object : Index

0 : 107, 108, 109, 110, 111, 112

. : 20, 21, 22, 23, 24, 25, 26, 27, 39, 42, 43, 44, 46, 58, 59, 60, 61, 62, 64, 65, 77, 78, 79, 80, 81, 82, 83, 96, 97, 98, 99, 100, 101, 102, 103, 104, 105, 106, 115, 117, 118, 119, 120, 121, 122, 134, 135, 136, 138, 139, 140, 141, 153, 154, 155, 156, 157, 158, 159, 160, 172, 173, 175, 176, 177, 178, 179, 180, 181, 191, 192, 193, 194, 195, 196, 198, 199, 200, 210, 211, 212, 213, 214, 215, 216, 217, 219, 229, 230, 231, 233, 235, 236, 237, 238, 248, 249, 250, 251, 252, 253, 254, 256, 257, 267, 269, 270, 271, 272, 274, 275, 286, 287, 288, 289, 290, 291, 292, 293, 294, 295

w : 0, 1, 2, 3, 4, 5, 6, 7, 8, 9, 10, 11, 12, 13, 14, 15, 16, 17, 18, 19, 28, 29, 30, 31, 32, 33, 34, 35, 36, 37, 38, 47, 48, 49, 50, 51, 52, 53, 54, 55, 56, 57, 63, 66, 67, 68, 69, 70, 71, 72, 73, 74, 75, 76, 84, 85, 86, 87, 88, 89, 90, 91, 92, 93, 94, 95, 114, 123, 124, 125, 126, 127, 128, 129, 130, 131, 132, 133, 142, 143, 144, 145, 146, 147, 148, 149, 150, 151, 152, 161, 162, 163, 164, 165, 166, 167, 168, 169, 170, 171, 174, 182, 183, 184, 185, 186, 187, 188, 189, 190, 201, 202, 203, 204, 205, 206, 207, 208, 209, 220, 221, 222, 223, 224, 225, 226, 227, 228, 234, 239, 240, 241, 242, 243, 244, 245, 246, 247, 258, 259, 260, 261, 262, 263, 264, 265, 266, 276, 277, 278, 279, 280, 281, 282, 283, 284, 285, 296, 297, 298, 299, 300, 301, 302, 303, 304, 305, 306, 307, 308, 309, 310, 311, 312, 313, 314, 315, 316, 317, 318, 319, 320, 321, 322

A : 41

c : 40, 45, 116, 137, 197, 218, 232, 255, 268, 273

g : 113

