object : Index

s : 46

1 : 42

x : 20, 21, 43, 63, 64, 65, 85, 86, 87, 107, 108, 109, 128, 129, 130, 131, 149, 150, 151, 152, 153, 171, 172, 173, 174, 175, 193, 194, 195, 196, 197, 215, 216, 217, 218, 219, 238, 239, 240, 241, 260, 261, 262, 263, 281, 282, 283, 284, 285, 301, 302, 303, 304, 305, 306, 307, 321, 322, 323, 324, 325, 326, 327, 328, 329, 342, 343, 344, 345, 346, 347, 348, 349, 350, 351, 352, 354, 355, 357, 360, 361, 362, 363, 364, 365, 371, 372, 373, 374, 375, 376, 377, 378, 379, 380, 381, 382, 383, 384, 385, 386, 387, 388, 389, 390, 391, 392, 393, 394, 395, 396, 397, 398, 399, 400, 401, 402, 403, 404, 405, 406, 407, 408, 409, 410, 411, 412, 413, 414, 415, 416, 417, 418, 419, 420, 421, 422, 423, 424, 425, 426, 427, 428, 429, 430, 431, 432, 433, 434, 435, 436, 437, 438, 439

. : 0, 1, 2, 3, 4, 5, 6, 7, 8, 9, 10, 11, 12, 13, 14, 15, 16, 17, 18, 19, 22, 23, 24, 25, 26, 27, 28, 29, 30, 31, 33, 34, 35, 36, 37, 38, 39, 40, 41, 44, 45, 47, 48, 49, 50, 51, 52, 53, 54, 55, 56, 57, 58, 59, 61, 62, 66, 67, 68, 69, 70, 72, 73, 74, 75, 76, 77, 78, 79, 80, 81, 82, 83, 84, 88, 89, 90, 91, 92, 93, 94, 95, 96, 97, 98, 100, 101, 102, 103, 104, 105, 106, 110, 111, 112, 113, 114, 115, 117, 118, 119, 120, 121, 122, 123, 124, 125, 126, 127, 132, 133, 135, 136, 137, 138, 139, 140, 141, 142, 143, 144, 145, 146, 147, 148, 154, 155, 156, 157, 158, 159, 160, 161, 162, 164, 165, 166, 167, 168, 169, 170, 176, 177, 178, 179, 180, 181, 182, 183, 184, 185, 186, 187, 188, 189, 190, 191, 192, 198, 199, 200, 201, 202, 204, 205, 206, 207, 208, 209, 211, 212, 213, 214, 220, 221, 222, 223, 224, 225, 226, 227, 228, 229, 230, 231, 232, 233, 234, 235, 236, 242, 243, 244, 245, 246, 247, 248, 249, 251, 252, 253, 254, 255, 256, 257, 258, 259, 264, 265, 266, 268, 269, 270, 271, 272, 273, 274, 275, 276, 277, 278, 279, 280, 286, 287, 288, 289, 290, 291, 292, 293, 294, 295, 297, 298, 299, 300, 308, 309, 311, 312, 313, 314, 316, 317, 318, 319, 320, 330, 331, 332, 333, 334, 335, 336, 337, 338, 339, 340, 341, 353, 358, 359, 366, 367, 368, 369, 370

w : 32, 60, 71, 99, 116, 134, 163, 203, 210, 250, 267, 310, 315

A : 296

3 : 356

2 : 237

