object : Index

e : 49, 355

0 : 59, 61, 63, 65, 67, 69, 71, 73, 75, 82, 109, 136, 142, 146, 152, 154, 159, 186, 205, 208, 218, 234, 245, 253, 268, 295, 322, 330, 332, 334, 336, 338, 340, 342, 344

. : 32, 33, 34, 35, 36, 37, 38, 39, 40, 42, 43, 44, 45, 46, 47, 48, 58, 60, 62, 64, 66, 68, 70, 72, 74, 76, 85, 86, 87, 88, 89, 90, 91, 92, 93, 94, 95, 96, 97, 98, 99, 100, 101, 102, 103, 112, 121, 130, 139, 148, 157, 166, 175, 184, 193, 211, 220, 229, 238, 247, 256, 265, 274, 283, 292, 301, 302, 303, 304, 305, 306, 307, 308, 309, 310, 311, 312, 313, 314, 315, 316, 317, 318, 319, 328, 329, 331, 333, 335, 337, 339, 341, 343, 345, 346, 356, 357, 358, 359, 360, 361, 362, 364, 365, 366, 367, 368, 369, 370, 371, 372

w : 0, 1, 2, 3, 4, 5, 6, 7, 8, 10, 11, 12, 13, 14, 15, 16, 17, 18, 20, 21, 22, 23, 24, 25, 26, 27, 28, 29, 30, 41, 50, 51, 52, 53, 54, 55, 56, 57, 77, 78, 79, 80, 81, 83, 84, 104, 105, 106, 107, 108, 110, 111, 113, 114, 115, 116, 117, 118, 119, 120, 122, 123, 124, 125, 126, 127, 128, 129, 131, 132, 133, 134, 135, 137, 138, 140, 141, 143, 144, 145, 147, 149, 150, 151, 153, 155, 156, 158, 160, 161, 162, 163, 164, 165, 167, 168, 169, 170, 171, 172, 173, 174, 176, 177, 178, 179, 180, 181, 182, 183, 185, 187, 188, 189, 190, 191, 192, 194, 195, 196, 198, 199, 200, 201, 203, 204, 206, 207, 209, 210, 212, 213, 214, 215, 216, 217, 219, 221, 222, 223, 224, 225, 226, 227, 228, 230, 231, 232, 233, 235, 236, 237, 239, 240, 241, 242, 243, 244, 246, 248, 249, 250, 251, 252, 254, 255, 257, 258, 259, 260, 261, 262, 263, 264, 266, 267, 269, 270, 271, 272, 273, 275, 276, 277, 280, 281, 282, 284, 285, 286, 289, 290, 291, 293, 294, 296, 297, 298, 299, 300, 320, 321, 323, 324, 325, 326, 327, 347, 348, 349, 350, 351, 352, 353, 354, 363, 374, 375, 376, 377, 378, 379, 380, 381, 382, 383, 384, 385, 386, 387, 388, 389, 390, 391, 392, 393, 394, 395, 396, 397, 398, 399, 400, 401, 402, 403, 404

A : 197

m : 31, 202, 373

1 : 9, 19, 278, 279, 287, 288

