object : Index

- : 52, 53, 76, 77, 81, 82, 90, 91, 96, 104, 105, 109, 110, 118, 119, 120, 121, 122, 123, 124

. : 30, 31, 32, 33, 46, 47, 59, 60, 61, 62, 64, 78, 79, 80, 92, 93, 94, 106, 107, 108

w : 0, 1, 2, 3, 4, 5, 6, 7, 8, 9, 10, 11, 12, 13, 14, 18, 27, 28, 41, 42, 55, 56, 69, 70, 83, 84, 97, 98, 111, 112, 125, 126, 127, 128, 129, 130, 131, 132, 133, 134, 135, 136, 137, 138, 139

A : 17

$ : 95

g : 54, 58, 63

+ : 15, 16, 19, 20, 21, 22, 23, 24, 25, 26, 29, 34, 35, 36, 37, 38, 39, 40, 44, 45, 48, 49, 50, 51, 57, 65, 66, 67, 68, 71, 72, 73, 74, 75, 85, 86, 87, 88, 89, 99, 100, 101, 102, 103, 113, 114, 115, 116, 117

u : 43

