object : Index

r : 53, 54, 95, 96, 114, 115, 116, 144, 145, 164, 165, 185, 193, 194, 195, 212, 213, 250

. : 21, 22, 23, 24, 25, 26, 27, 28, 29, 30, 31, 32, 33, 34, 35, 36, 38, 41, 42, 43, 44, 45, 47, 48, 49, 50, 51, 52, 55, 56, 57, 58, 61, 62, 63, 64, 65, 66, 67, 68, 69, 70, 71, 72, 73, 74, 75, 76, 77, 78, 81, 82, 83, 84, 85, 86, 87, 88, 89, 91, 92, 93, 94, 97, 98, 101, 103, 104, 105, 106, 107, 108, 109, 110, 111, 112, 113, 117, 118, 121, 122, 123, 124, 125, 126, 127, 128, 129, 130, 131, 132, 133, 134, 135, 136, 137, 138, 141, 142, 143, 146, 147, 148, 149, 151, 152, 153, 154, 155, 157, 158, 161, 162, 163, 166, 167, 168, 169, 170, 171, 172, 173, 174, 175, 176, 177, 178, 181, 182, 183, 184, 186, 187, 188, 189, 190, 191, 192, 196, 197, 198, 201, 202, 203, 204, 205, 206, 207, 208, 209, 210, 211, 214, 215, 216, 217, 218, 221, 222, 223, 224, 225, 226, 227, 228, 229, 230, 231, 232, 233, 234, 236, 237, 238, 241, 242, 243, 244, 245, 246, 248, 249, 251, 252, 253, 254, 255, 256, 257, 258, 261, 262, 263, 264, 265, 266, 267, 268, 269, 270, 271, 272, 273, 274, 275, 276, 277, 278

w : 0, 1, 2, 3, 4, 5, 6, 7, 8, 9, 10, 11, 12, 13, 14, 15, 16, 17, 18, 19, 20, 39, 40, 59, 60, 79, 80, 99, 100, 119, 120, 139, 140, 159, 160, 179, 180, 199, 200, 219, 220, 239, 240, 259, 260, 279, 280, 281, 282, 283, 284, 285, 286, 287, 288, 289, 290, 291, 292, 293, 294, 295, 296, 297, 298, 299

A : 90

h : 37, 46, 102, 156, 235, 247

n : 150

