object : Index

b : 121, 122, 123, 124, 125, 162, 163, 164, 165, 166, 167, 196, 215, 216, 275, 276, 315

e : 44, 154, 307

. : 25, 26, 27, 28, 29, 33, 34, 35, 36, 45, 46, 47, 48, 49, 50, 51, 52, 53, 54, 55, 66, 73, 78, 79, 81, 82, 83, 84, 85, 86, 87, 88, 89, 92, 93, 96, 97, 98, 99, 100, 101, 102, 103, 104, 105, 106, 107, 111, 112, 115, 116, 117, 119, 120, 130, 131, 150, 153, 155, 157, 158, 159, 160, 161, 169, 172, 173, 174, 176, 182, 183, 184, 185, 186, 188, 191, 192, 193, 195, 202, 203, 204, 205, 207, 210, 211, 212, 213, 214, 222, 223, 224, 226, 229, 230, 231, 233, 234, 235, 236, 237, 238, 239, 240, 241, 242, 243, 244, 245, 249, 250, 251, 252, 267, 268, 269, 270, 271, 272, 277, 278, 279, 280, 288, 289, 294, 295, 296, 297, 299, 300, 308, 309, 310, 311, 312, 313, 314, 319

w : 0, 1, 2, 3, 4, 5, 6, 7, 8, 9, 10, 11, 12, 13, 14, 15, 16, 17, 18, 19, 20, 21, 22, 23, 24, 37, 38, 39, 40, 41, 42, 43, 56, 57, 58, 59, 60, 61, 62, 63, 64, 65, 67, 68, 69, 70, 71, 72, 74, 75, 76, 80, 91, 94, 95, 110, 113, 114, 118, 129, 132, 133, 134, 135, 136, 137, 138, 139, 140, 141, 142, 143, 144, 145, 146, 147, 148, 149, 151, 152, 156, 168, 170, 171, 175, 187, 189, 190, 194, 206, 208, 209, 225, 227, 228, 232, 246, 247, 248, 253, 254, 255, 256, 257, 258, 259, 260, 261, 262, 263, 264, 265, 266, 284, 285, 286, 287, 301, 302, 303, 304, 305, 306, 320, 321, 322, 323, 324, 325, 326, 327, 328, 329, 330, 331, 332, 333, 334, 335, 336, 337, 338, 339, 340, 341

f : 30, 31, 32, 90, 108, 109, 126, 127, 128, 177, 178, 179, 180, 181, 197, 198, 199, 200, 201, 217, 218, 219, 220, 221, 273, 274, 281, 282, 283, 290, 291, 292, 293, 298, 316, 317, 318

A : 77

