object : Index

b : 25, 26, 27, 28, 29, 30, 39, 40, 41, 42, 43, 44, 45, 46, 47, 48, 49, 50, 51, 52, 53, 54, 59, 62, 63, 64, 65, 66, 67, 68, 69, 70, 71, 72, 73, 74, 84, 87, 89, 98, 106, 108, 110, 124, 125, 127, 139, 144, 146, 147, 148, 149, 150, 163, 165, 166, 167, 168, 169, 182, 184, 185, 186, 187

. : 21, 22, 23, 24, 81, 101, 102, 121, 136, 140, 157, 159, 176, 177

w : 0, 1, 2, 3, 4, 5, 6, 7, 8, 9, 10, 11, 12, 13, 14, 15, 16, 17, 18, 19, 37, 38, 56, 57, 75, 76, 94, 95, 113, 114, 132, 133, 151, 152, 170, 171, 189, 190, 191, 192, 193, 194, 195, 196, 197, 198, 199, 200, 201, 202, 203, 204, 205, 206, 207, 208

_ : 31, 32, 33, 34, 35, 36, 55, 58, 60, 61, 77, 78, 79, 80, 82, 83, 85, 86, 88, 90, 91, 92, 93, 96, 97, 99, 100, 103, 104, 105, 107, 109, 111, 112, 115, 116, 117, 118, 119, 120, 122, 123, 126, 128, 129, 130, 131, 134, 135, 137, 138, 141, 142, 143, 145, 153, 154, 155, 156, 158, 160, 161, 162, 164, 172, 173, 174, 175, 178, 179, 180, 181, 183

A : 20

g : 188

