object : Index

b : 32, 37, 39, 45, 46, 47, 51, 53, 60, 121, 134, 135, 136, 137

1 : 36, 40, 96, 108

0 : 35, 72, 105, 123, 124

. : 16, 17, 18, 19, 22, 23, 24, 25, 26, 29, 30, 31, 33, 34, 43, 44, 50, 52, 54, 57, 58, 59, 61, 80, 85, 86, 88, 89, 94, 101, 102, 103, 104, 106, 107, 109, 110, 116, 120, 122, 127, 128, 129, 130, 131

w : 0, 1, 2, 3, 4, 5, 6, 7, 8, 9, 10, 11, 12, 13, 14, 20, 21, 27, 28, 41, 42, 48, 49, 55, 56, 62, 63, 69, 70, 71, 73, 74, 75, 76, 77, 78, 79, 81, 82, 83, 84, 90, 91, 97, 98, 111, 112, 118, 119, 125, 126, 132, 133, 139, 140, 141, 142, 143, 144, 145, 146, 147, 148, 149, 150, 151, 152, 153

A : 15

c : 38, 64, 65, 66, 67, 68, 87, 92, 93, 95, 99, 100, 113, 114, 115, 117

g : 138

