object : Index

o : 41, 79, 145

i : 98, 155

2 : 32

h : 22, 108, 123, 175

w : 0, 1, 2, 3, 4, 5, 6, 7, 8, 9, 10, 11, 12, 13, 14, 15, 16, 17, 18, 19, 31, 37, 38, 46, 47, 48, 49, 52, 54, 56, 57, 58, 59, 60, 61, 75, 76, 80, 86, 94, 95, 99, 105, 113, 114, 115, 116, 117, 118, 132, 133, 151, 152, 157, 159, 160, 164, 165, 166, 167, 168, 169, 170, 171, 183, 189, 190, 191, 192, 193, 194, 195, 196, 197, 198, 199, 200, 201, 202, 203, 204, 205, 206, 207, 208

v : 64, 74, 84, 110, 177

A : 96

r : 27, 129

3 : 184

+ : 20, 21, 23, 24, 25, 26, 28, 29, 30, 33, 34, 35, 36, 39, 40, 42, 43, 44, 45, 50, 51, 53, 55, 62, 63, 65, 66, 67, 68, 69, 70, 71, 72, 73, 77, 78, 81, 82, 83, 85, 87, 88, 89, 90, 91, 92, 93, 97, 100, 101, 102, 103, 104, 106, 107, 109, 111, 112, 119, 120, 121, 122, 124, 125, 126, 127, 128, 130, 131, 134, 135, 136, 137, 138, 139, 140, 141, 142, 143, 144, 146, 147, 148, 149, 150, 153, 154, 156, 158, 161, 162, 163, 172, 173, 174, 176, 178, 179, 180, 181, 182, 185, 186, 187

g : 188

