object : Index

1 : 29, 35, 54, 62, 71, 97

0 : 17, 18, 20, 21, 30, 31, 33, 34, 43, 44, 45, 46, 47, 56, 57, 59, 60

. : 14, 15, 16, 19, 22, 23, 24, 27, 37, 40, 42, 48, 50, 53, 55, 61, 63, 66, 68, 74, 76, 79, 80, 81, 82, 83, 84, 85, 86, 87, 88, 89, 92, 102, 105, 106, 107, 108, 109, 112, 113, 114, 115

w : 0, 1, 2, 3, 4, 5, 6, 7, 8, 9, 10, 11, 12, 13, 25, 26, 28, 36, 38, 39, 41, 49, 51, 52, 64, 65, 67, 69, 70, 72, 73, 75, 77, 78, 90, 91, 93, 94, 95, 96, 98, 99, 100, 101, 103, 104, 116, 117, 118, 119, 120, 121, 122, 123, 124, 125, 126, 127, 128, 129

k : 32

A : 110

g : 111

m : 58

