object : Index

A : 25

0 : 38, 81, 116, 151, 162, 170, 186, 230

. : 28, 29, 30, 31, 32, 33, 34, 35, 36, 37, 39, 40, 41, 42, 43, 44, 45, 46, 49, 52, 53, 60, 61, 62, 63, 64, 65, 66, 70, 73, 76, 77, 78, 79, 80, 82, 83, 84, 85, 88, 89, 90, 92, 93, 94, 97, 98, 99, 100, 101, 103, 104, 105, 106, 107, 108, 109, 112, 113, 114, 117, 118, 121, 122, 123, 124, 125, 127, 128, 129, 136, 137, 138, 139, 140, 141, 142, 145, 146, 147, 148, 149, 152, 153, 154, 155, 156, 157, 158, 159, 160, 161, 163, 164, 169, 171, 172, 173, 181, 182, 183, 184, 185, 187, 188, 189, 190, 193, 196, 197, 199, 200, 201, 202, 203, 205, 206, 207, 208, 213, 214, 217, 218, 219, 220, 221, 222, 223, 224, 225, 226, 227, 228, 229, 231, 232, 233, 234, 235, 236, 237, 238

w : 0, 1, 2, 3, 4, 5, 6, 7, 8, 9, 10, 11, 12, 13, 14, 15, 16, 17, 18, 19, 20, 21, 22, 23, 24, 26, 27, 47, 48, 50, 51, 54, 55, 56, 57, 58, 59, 67, 68, 69, 71, 72, 74, 75, 86, 87, 91, 95, 96, 102, 110, 111, 115, 119, 120, 126, 130, 131, 132, 133, 134, 135, 143, 144, 150, 165, 166, 167, 168, 174, 175, 176, 177, 178, 179, 180, 191, 192, 194, 195, 198, 204, 209, 210, 211, 212, 215, 216, 239, 240, 241, 242, 243, 244, 245, 246, 247, 248, 249, 250, 251, 252, 253, 254, 255, 256, 257, 258, 259, 260, 261, 262, 263

