object : Index

d : 37, 54, 115

b : 64, 227

r : 91, 247

. : 30, 31, 32, 33, 34, 35, 36, 38, 39, 40, 41, 42, 43, 44, 45, 46, 47, 48, 49, 51, 52, 53, 57, 58, 59, 60, 61, 62, 63, 65, 66, 67, 68, 69, 70, 71, 72, 79, 80, 81, 82, 92, 93, 94, 95, 97, 98, 99, 100, 101, 102, 103, 104, 105, 106, 107, 108, 109, 110, 113, 114, 116, 117, 119, 120, 121, 122, 123, 124, 125, 126, 127, 128, 129, 131, 132, 133, 134, 135, 136, 137, 138, 141, 142, 143, 144, 145, 147, 148, 149, 150, 151, 152, 153, 154, 155, 156, 157, 159, 160, 161, 162, 163, 164, 165, 166, 169, 170, 171, 172, 173, 175, 176, 177, 178, 187, 188, 189, 190, 191, 192, 193, 194, 197, 198, 199, 200, 201, 202, 203, 204, 205, 206, 208, 209, 210, 211, 212, 213, 214, 215, 216, 217, 220, 222, 225, 226, 228, 229, 230, 231, 232, 233, 234, 236, 237, 238, 239, 240, 241, 242, 243, 244, 245, 248, 249, 250, 253, 254, 255, 256, 257, 258, 259, 260, 261, 264, 265, 266, 267, 268, 269, 270, 271, 272, 273, 275, 276, 278

w : 0, 1, 2, 3, 4, 5, 6, 7, 8, 9, 10, 11, 12, 13, 14, 15, 16, 17, 18, 19, 20, 21, 22, 23, 24, 25, 26, 27, 28, 50, 55, 56, 74, 75, 76, 77, 78, 83, 84, 85, 86, 87, 88, 89, 90, 96, 111, 112, 118, 130, 139, 140, 146, 158, 167, 168, 174, 179, 181, 182, 183, 184, 185, 186, 195, 196, 207, 218, 219, 221, 223, 224, 235, 246, 251, 252, 262, 263, 274, 279, 280, 281, 282, 283, 284, 285, 286, 287, 288, 289, 290, 291, 292, 293, 294, 295, 296, 297, 298, 299, 300, 301, 302, 303, 304, 305, 306, 307

l : 73

A : 29

g : 277

u : 180

