object : Index

o : 39

b : 115

t : 32

p : 133

. : 15, 16, 17, 18, 19, 20, 22, 23, 24, 25, 26, 29, 30, 31, 33, 34, 36, 37, 38, 40, 43, 44, 45, 46, 52, 53, 54, 57, 58, 59, 60, 61, 62, 63, 64, 65, 66, 67, 68, 71, 72, 73, 74, 75, 76, 78, 79, 80, 81, 82, 85, 86, 91, 92, 93, 94, 95, 96, 99, 100, 101, 102, 105, 106, 107, 108, 109, 110, 113, 114, 116, 117, 124, 127, 128, 129, 130, 131, 134, 135, 136, 137, 138

w : 0, 1, 2, 3, 4, 5, 6, 7, 8, 9, 10, 11, 12, 13, 14, 21, 27, 28, 35, 41, 42, 47, 48, 49, 50, 51, 55, 56, 69, 70, 83, 84, 87, 88, 89, 90, 97, 98, 104, 111, 112, 118, 119, 120, 121, 123, 125, 126, 132, 139, 140, 141, 142, 143, 144, 145, 146, 147, 148, 149, 150, 151, 152, 153

k : 103

A : 77

l : 122

