object : Index

e : 59

x : 172

h : 95, 96, 110, 111, 112, 121, 137, 138, 163

. : 22, 23, 24, 25, 26, 27, 28, 29, 30, 31, 32, 33, 34, 35, 36, 37, 38, 39, 40, 43, 44, 45, 46, 47, 48, 49, 50, 51, 52, 53, 54, 55, 56, 57, 58, 60, 61, 64, 65, 82, 85, 86, 103, 106, 107, 124, 127, 128, 145, 148, 149, 166, 169, 170, 171, 173, 174, 175, 176, 177, 178, 179, 180, 181, 182, 183, 184, 186, 187, 190, 191, 192, 193, 194, 195, 196, 197, 198, 199, 200, 201, 202, 203, 204, 205, 206, 207, 208

w : 0, 1, 2, 3, 4, 5, 6, 7, 8, 9, 10, 11, 12, 13, 14, 15, 16, 17, 18, 19, 20, 21, 41, 42, 62, 63, 66, 67, 68, 69, 70, 71, 72, 73, 74, 75, 76, 77, 78, 79, 80, 81, 83, 84, 87, 88, 89, 90, 91, 92, 93, 94, 97, 98, 99, 100, 101, 102, 104, 105, 108, 109, 113, 114, 115, 116, 117, 118, 119, 120, 122, 123, 125, 126, 129, 130, 131, 132, 133, 134, 135, 136, 139, 140, 141, 142, 143, 144, 146, 147, 150, 151, 152, 153, 154, 155, 156, 157, 158, 159, 160, 161, 162, 164, 165, 167, 168, 188, 189, 209, 210, 211, 212, 213, 214, 215, 216, 217, 218, 219, 220, 221, 222, 223, 224, 225, 226, 227, 228, 229, 230

A : 185

