object : Index

_ : 20, 21, 22, 23, 25, 26, 27, 28, 29, 30, 32, 33, 34, 35, 39, 40, 50, 51, 52, 53, 54, 55, 58, 59, 62, 63, 64, 65, 66, 69, 70, 71, 72, 73, 74, 77, 78, 81, 82, 88, 89, 90, 91, 92, 93, 96, 97, 101, 108, 109, 110, 111, 112, 115, 116, 119, 120, 126, 127, 128, 129, 130, 131, 134, 135, 138, 139, 140, 141, 145, 146, 147, 148, 149, 150, 153, 154, 164, 165, 166, 167, 168, 169, 172, 173, 174, 175, 177, 178, 179, 180, 181, 182, 183, 184, 185, 186, 187, 188

. : 31, 100, 107, 142

w : 0, 1, 2, 3, 4, 5, 6, 7, 8, 9, 10, 11, 12, 13, 14, 15, 16, 17, 18, 19, 37, 38, 56, 57, 75, 76, 94, 95, 113, 114, 132, 133, 151, 152, 170, 171, 189, 190, 191, 192, 193, 194, 195, 196, 197, 198, 199, 200, 201, 202, 203, 204, 205, 206, 207, 208

b : 24, 41, 42, 43, 44, 45, 46, 47, 48, 49, 60, 61, 67, 68, 79, 80, 83, 84, 85, 86, 87, 98, 99, 102, 104, 105, 106, 117, 118, 121, 122, 123, 124, 125, 136, 137, 143, 144, 155, 156, 157, 158, 159, 160, 161, 162, 163, 176

A : 36

g : 103

