object : Index

g : 102

1 : 63

. : 14, 15, 17, 20, 21, 22, 23, 27, 28, 29, 30, 32, 33, 34, 35, 36, 37, 40, 42, 43, 44, 45, 46, 55, 56, 57, 58, 59, 60, 61, 62, 66, 68, 69, 79, 80, 81, 82, 83, 84, 85, 87, 88, 89, 92, 93, 94, 97, 98, 99, 100

w : 0, 1, 2, 3, 4, 5, 6, 7, 8, 9, 10, 11, 12, 13, 18, 19, 25, 26, 31, 38, 39, 41, 47, 48, 49, 50, 51, 52, 54, 64, 65, 67, 70, 71, 72, 73, 74, 75, 76, 77, 78, 86, 90, 91, 96, 101, 103, 104, 105, 106, 107, 108, 109, 110, 111, 112, 113, 114, 115, 116

A : 24

3 : 16

+ : 53

2 : 95

