object : Index

1 : 15, 34, 36, 41, 44, 47, 50, 54, 55, 58, 62, 69, 70, 72, 80, 84, 94, 95

x : 92

h : 14, 43, 57, 71, 85, 93

. : 16, 17, 18, 19, 20, 21, 22, 23, 30, 31, 33, 35, 37, 40, 42, 45, 48, 49, 53, 56, 59, 61, 63, 66, 67, 68, 73, 75, 76, 79, 81, 82, 83, 86, 87, 96, 97, 98, 99, 100, 101, 102

w : 0, 1, 2, 3, 4, 5, 6, 7, 8, 9, 10, 11, 12, 13, 25, 26, 27, 28, 29, 32, 38, 39, 46, 51, 52, 60, 64, 65, 74, 77, 78, 88, 89, 90, 91, 103, 104, 105, 106, 107, 108, 109, 110, 111, 112, 113, 114, 115, 116

A : 24

