object : Index

s : 20

1 : 25, 79

0 : 83, 85, 91, 100, 105, 109, 118, 124, 127, 135, 143, 145

. : 33, 45, 46, 47, 48, 49, 53, 70, 104, 121, 140, 149, 157, 164, 165, 166, 167, 168

w : 0, 1, 2, 3, 4, 5, 6, 7, 8, 9, 10, 11, 12, 13, 14, 15, 16, 17, 18, 19, 37, 38, 56, 57, 75, 76, 94, 95, 113, 114, 132, 133, 151, 152, 170, 171, 178, 189, 190, 191, 192, 193, 194, 195, 196, 197, 198, 199, 200, 201, 202, 203, 204, 205, 206, 207, 208

A : 102

g : 188

+ : 21, 22, 23, 24, 26, 27, 28, 29, 30, 31, 32, 34, 35, 36, 39, 40, 41, 42, 43, 44, 50, 51, 52, 54, 55, 58, 59, 60, 61, 62, 63, 64, 65, 66, 67, 68, 69, 71, 72, 73, 74, 77, 78, 80, 81, 82, 84, 86, 87, 88, 89, 90, 92, 93, 96, 97, 98, 99, 101, 103, 106, 107, 108, 110, 111, 112, 115, 116, 117, 119, 120, 122, 123, 125, 126, 128, 129, 130, 131, 134, 136, 137, 138, 139, 141, 142, 144, 146, 147, 148, 150, 153, 154, 155, 156, 158, 159, 160, 161, 162, 163, 169, 172, 173, 174, 175, 176, 177, 179, 180, 181, 182, 183, 184, 185, 186, 187

