object : Index

A : 110

2 : 32, 56, 85

3 : 35, 59, 81

. : 14, 15, 16, 17, 18, 19, 20, 21, 22, 23, 24, 27, 28, 30, 31, 33, 36, 37, 40, 41, 42, 43, 45, 46, 48, 49, 50, 53, 54, 55, 57, 58, 60, 61, 63, 66, 67, 68, 69, 71, 72, 74, 75, 76, 79, 80, 82, 83, 84, 86, 87, 89, 92, 93, 95, 97, 98, 99, 101, 102, 105, 106, 107, 108, 109, 111, 112, 113, 114, 115

w : 0, 1, 2, 3, 4, 5, 6, 7, 8, 9, 10, 11, 12, 13, 25, 26, 38, 39, 51, 52, 64, 65, 77, 78, 90, 91, 103, 104, 116, 117, 118, 119, 120, 121, 122, 123, 124, 125, 126, 127, 128, 129

a : 100

b : 70

h : 44, 47, 73, 94, 96

c : 34

1 : 29, 62, 88

