object : Index

A : 163

1 : 43, 71, 96, 99, 122, 147, 154, 178, 208, 211, 239, 267

0 : 53, 59, 60, 61, 62, 82, 88, 89, 141, 142, 200, 201, 227, 228, 229, 230, 250, 277

. : 29, 30, 31, 32, 33, 34, 35, 36, 37, 38, 39, 40, 41, 42, 44, 45, 46, 47, 48, 49, 50, 51, 52, 54, 57, 58, 63, 64, 65, 66, 67, 68, 69, 70, 72, 73, 74, 75, 76, 77, 78, 79, 80, 81, 85, 86, 87, 90, 91, 92, 93, 94, 95, 97, 98, 100, 101, 105, 106, 107, 108, 109, 110, 113, 114, 116, 117, 118, 119, 120, 121, 123, 124, 125, 126, 127, 128, 129, 130, 131, 132, 133, 134, 135, 136, 137, 138, 144, 145, 146, 157, 158, 159, 160, 161, 162, 164, 165, 166, 169, 170, 172, 173, 174, 175, 176, 177, 179, 180, 181, 182, 183, 184, 185, 186, 187, 188, 189, 190, 191, 192, 193, 194, 197, 198, 199, 202, 203, 204, 205, 206, 207, 209, 210, 212, 213, 217, 218, 219, 220, 221, 222, 225, 226, 231, 232, 233, 234, 235, 236, 237, 238, 240, 241, 242, 243, 244, 245, 246, 247, 248, 249, 253, 254, 255, 256, 257, 258, 259, 260, 261, 262, 263, 264, 265, 266, 268, 269, 270, 271, 272, 273, 274, 275, 276, 278

w : 0, 1, 2, 3, 4, 5, 6, 7, 8, 9, 10, 11, 12, 13, 14, 15, 16, 17, 18, 19, 20, 21, 22, 23, 24, 25, 26, 27, 28, 55, 56, 83, 84, 102, 103, 104, 111, 112, 115, 139, 140, 143, 148, 149, 150, 151, 152, 153, 155, 156, 167, 168, 171, 195, 196, 214, 215, 216, 223, 224, 251, 252, 279, 280, 281, 282, 283, 284, 285, 286, 287, 288, 289, 290, 291, 292, 293, 294, 295, 296, 297, 298, 299, 300, 301, 302, 303, 304, 305, 306, 307

