object : Index

1 : 15, 18, 20, 33, 35, 40, 41, 42, 43, 44, 45, 46, 47, 48, 49, 50, 55, 58, 61, 72, 75, 82, 86, 88, 94, 99, 102

x : 24

h : 30, 53, 97

. : 14, 16, 17, 19, 21, 22, 23, 27, 28, 29, 31, 32, 34, 36, 37, 54, 56, 57, 59, 60, 62, 63, 71, 73, 74, 76, 79, 80, 81, 83, 84, 85, 87, 89, 93, 95, 96, 98, 100, 101

w : 0, 1, 2, 3, 4, 5, 6, 7, 8, 9, 10, 11, 12, 13, 25, 26, 38, 39, 51, 52, 64, 65, 66, 67, 68, 69, 70, 77, 78, 90, 91, 103, 104, 105, 106, 107, 108, 109, 110, 111, 112, 113, 114, 115, 116

A : 92

