object : Index

1 : 17, 18, 19, 23, 29, 31, 34, 35, 36, 42, 43, 45, 46, 48, 57, 59, 62, 63, 69, 70, 72, 73, 75, 76, 80, 82, 84, 85, 88, 93, 95, 99, 101

x : 14

h : 47, 53, 54, 55, 87

. : 15, 16, 20, 21, 22, 24, 27, 28, 30, 37, 40, 41, 44, 49, 50, 56, 58, 60, 61, 68, 71, 74, 79, 81, 83, 86, 89, 92, 94, 96, 98, 100, 102

w : 0, 1, 2, 3, 4, 5, 6, 7, 8, 9, 10, 11, 12, 13, 25, 26, 32, 33, 38, 39, 51, 52, 64, 65, 66, 67, 77, 78, 90, 91, 103, 104, 105, 106, 107, 108, 109, 110, 111, 112, 113, 114, 115, 116

A : 97

