object : Index

2 : 24, 43, 65, 69, 70, 145, 146

4 : 32, 50, 68, 79, 170

w : 0, 1, 2, 3, 4, 5, 6, 7, 8, 9, 10, 11, 12, 13, 14, 15, 16, 17, 18, 27, 35, 36, 45, 53, 54, 55, 56, 57, 58, 59, 60, 71, 72, 83, 84, 85, 86, 89, 90, 96, 107, 108, 114, 125, 126, 132, 136, 137, 140, 141, 142, 143, 144, 150, 161, 162, 179, 180, 181, 182, 183, 184, 185, 186, 187, 188, 189, 190, 191, 192, 193, 194, 195, 196, 197

1 : 62, 82, 92, 99, 103, 109, 111, 112, 113, 117, 119, 121, 123, 129, 156, 174

d : 127

A : 166

x : 52

h : 39, 47

. : 19, 20, 22, 23, 25, 26, 28, 29, 30, 31, 33, 34, 37, 40, 41, 42, 44, 46, 48, 49, 51, 61, 63, 64, 66, 67, 73, 74, 75, 77, 78, 80, 81, 87, 88, 91, 93, 94, 95, 97, 100, 101, 102, 105, 106, 110, 115, 116, 118, 120, 122, 124, 128, 130, 131, 133, 135, 138, 139, 147, 148, 149, 151, 152, 154, 155, 157, 160, 163, 164, 165, 167, 168, 169, 171, 172, 173, 175, 176, 177, 178

b : 38, 76

a : 21

3 : 98, 104, 134, 153, 158

c : 159

