object : Index

d : 15

A : 106

e : 14

r : 24, 66, 128

. : 16, 17, 18, 20, 21, 22, 29, 31, 33, 34, 35, 36, 40, 41, 42, 44, 45, 47, 49, 50, 54, 55, 56, 57, 58, 59, 60, 62, 63, 68, 69, 70, 71, 73, 75, 76, 88, 92, 93, 94, 97, 98, 99, 100, 101, 102, 107, 108, 109, 110, 111, 113, 114, 121, 123, 124, 125, 126, 132, 133, 134, 135, 138, 139, 140

w : 0, 1, 2, 3, 4, 5, 6, 7, 8, 9, 10, 11, 12, 13, 19, 25, 26, 27, 28, 30, 38, 39, 43, 48, 51, 52, 61, 64, 65, 74, 77, 78, 79, 80, 81, 82, 83, 84, 85, 86, 87, 89, 90, 91, 96, 103, 104, 112, 116, 117, 122, 129, 130, 142, 143, 144, 145, 146, 147, 148, 149, 150, 151, 152, 153, 154, 155

k : 120

b : 23, 37, 53, 67, 118, 137

g : 32, 95, 105, 115, 119, 127, 131, 136, 141

O : 46, 72

