object : Index

w : 0, 1, 2, 3, 4, 5, 6, 7, 8, 9, 10, 11, 12, 13, 14, 15, 16, 17, 18, 19, 20, 21, 22, 36, 42, 43, 57, 58, 59, 61, 62, 63, 64, 65, 66, 67, 68, 69, 71, 72, 73, 74, 86, 87, 108, 109, 110, 111, 112, 113, 114, 115, 116, 117, 118, 119, 120, 122, 124, 126, 127, 128, 129, 130, 131, 133, 134, 136, 142, 144, 148, 149, 150, 152, 153, 156, 158, 159, 160, 161, 162, 164, 166, 167, 168, 169, 170, 172, 174, 175, 195, 196, 197, 199, 200, 201, 202, 210, 211, 212, 213, 214, 215, 216, 217, 218, 219, 221, 224, 232, 240, 241, 244, 246, 254, 258, 262, 263, 264, 265, 266, 267, 268, 269, 276, 284, 285, 298, 299, 300, 301, 302, 304, 305, 306, 307, 309, 328, 329, 331, 332, 333, 334, 335, 338, 339, 340, 341, 350, 351, 353, 363, 372, 373, 377, 378, 380, 382, 383, 384, 385, 394, 395, 397, 398, 399, 400, 401, 402, 416, 417, 419, 422, 438, 439, 440, 441, 442, 443, 444, 445, 446, 447, 448, 449, 450, 451, 452, 453, 454, 455, 456, 457, 458, 459, 460

k : 89

l : 165

g : 23, 24, 37, 139, 151, 234, 238, 259, 327, 362, 379, 414, 415, 420

m : 90, 132, 310

s : 107

x : 418

r : 25, 26, 27, 35, 46, 47, 48, 137, 140, 236, 243, 256, 278, 360

. : 28, 29, 30, 31, 32, 33, 34, 38, 39, 40, 49, 50, 51, 52, 53, 54, 55, 56, 60, 70, 77, 78, 79, 80, 81, 82, 83, 84, 85, 88, 92, 93, 94, 95, 96, 97, 98, 99, 100, 101, 102, 103, 104, 105, 106, 121, 123, 125, 141, 143, 145, 146, 147, 154, 155, 157, 163, 171, 176, 177, 178, 179, 180, 181, 182, 183, 185, 186, 187, 188, 189, 190, 191, 192, 193, 194, 198, 203, 204, 205, 207, 208, 209, 220, 222, 223, 225, 226, 227, 228, 229, 230, 231, 233, 235, 237, 239, 242, 247, 248, 249, 250, 251, 252, 253, 255, 257, 260, 261, 270, 271, 272, 273, 274, 275, 277, 279, 280, 281, 282, 283, 286, 287, 288, 289, 290, 291, 292, 293, 294, 295, 296, 297, 303, 308, 311, 312, 313, 314, 315, 316, 317, 318, 319, 320, 321, 322, 323, 324, 325, 326, 330, 336, 337, 342, 343, 344, 345, 346, 347, 348, 349, 352, 354, 355, 356, 357, 358, 359, 361, 364, 365, 366, 367, 368, 369, 370, 371, 374, 375, 376, 381, 386, 387, 388, 389, 390, 391, 392, 393, 396, 403, 406, 407, 408, 409, 410, 411, 412, 413, 423, 424, 425, 428, 429, 430, 431, 432, 433, 434, 435

p : 206, 404, 405, 426, 427

A : 41

h : 44, 45, 75, 76, 91, 135, 138, 173, 184, 245, 421, 436, 437

