object : Index

A : 92

0 : 147

. : 18, 19, 20, 21, 22, 23, 24, 25, 26, 27, 28, 29, 30, 31, 32, 35, 37, 38, 39, 40, 41, 42, 43, 44, 45, 46, 47, 48, 49, 52, 53, 54, 56, 57, 59, 61, 62, 64, 65, 66, 69, 70, 71, 72, 73, 74, 75, 76, 77, 78, 79, 80, 81, 82, 83, 86, 87, 88, 89, 90, 91, 93, 94, 95, 96, 97, 98, 99, 100, 103, 104, 105, 106, 107, 108, 109, 110, 111, 112, 113, 114, 115, 116, 117, 120, 121, 122, 124, 125, 126, 127, 128, 130, 131, 132, 133, 134, 137, 139, 140, 141, 142, 143, 144, 145, 146, 148, 149, 150, 151

w : 0, 1, 2, 3, 4, 5, 6, 7, 8, 9, 10, 11, 12, 13, 14, 15, 16, 17, 33, 34, 50, 51, 67, 68, 84, 85, 101, 102, 118, 119, 135, 136, 152, 153, 154, 155, 156, 157, 158, 159, 160, 161, 162, 163, 164, 165, 166, 167, 168, 169

b : 63, 138

c : 58, 60, 123

m : 36, 55

g : 129

