object : Index

A : 193

t : 62, 200

x : 30

r : 23, 24, 25, 34, 50, 66

. : 18, 19, 20, 21, 22, 26, 27, 28, 29, 52, 54, 55, 56, 57, 58, 59, 60, 68, 70, 73, 78, 81, 82, 83, 84, 85, 86, 91, 92, 93, 94, 97, 113, 114, 115, 118, 119, 120, 121, 122, 123, 124, 125, 126, 134, 139, 142, 145, 146, 147, 148, 149, 150, 151, 152, 153, 154, 155, 156, 157, 158, 161, 166, 170, 174, 177, 179, 182, 186, 195, 196, 197, 198, 199, 201, 202, 203, 205, 206

w : 0, 1, 2, 3, 4, 5, 6, 7, 8, 9, 10, 11, 12, 13, 14, 15, 16, 17, 31, 32, 33, 35, 36, 37, 38, 39, 40, 41, 42, 43, 44, 45, 46, 47, 48, 49, 51, 53, 61, 63, 64, 65, 67, 69, 71, 72, 74, 76, 77, 79, 80, 87, 88, 89, 90, 95, 96, 98, 99, 100, 101, 102, 103, 104, 105, 106, 110, 111, 112, 117, 127, 128, 129, 130, 131, 132, 133, 135, 136, 137, 138, 140, 141, 143, 144, 159, 160, 162, 163, 164, 165, 167, 168, 169, 171, 172, 173, 175, 176, 178, 180, 181, 183, 184, 185, 187, 188, 189, 190, 191, 192, 194, 207, 208, 209, 210, 211, 212, 213, 214, 215, 216, 217, 218, 219, 220, 221, 222, 223

b : 75, 107, 108, 109

2 : 204

1 : 116

