object : Index

A : 166

2 : 79, 80

x : 29

h : 39, 47

. : 19, 20, 21, 22, 23, 24, 25, 26, 28, 30, 31, 32, 33, 34, 37, 40, 41, 42, 43, 44, 46, 48, 49, 50, 51, 52, 61, 62, 63, 64, 65, 66, 67, 68, 69, 70, 73, 74, 75, 77, 91, 92, 93, 94, 95, 97, 98, 99, 100, 101, 102, 104, 105, 106, 114, 115, 116, 118, 119, 120, 121, 122, 124, 127, 128, 130, 131, 132, 133, 134, 135, 145, 146, 147, 148, 149, 150, 151, 152, 153, 154, 155, 157, 158, 160, 163, 164, 165, 167, 168, 169, 171, 172, 173, 175, 176, 177, 178

w : 0, 1, 2, 3, 4, 5, 6, 7, 8, 9, 10, 11, 12, 13, 14, 15, 16, 17, 18, 27, 35, 36, 45, 53, 54, 55, 56, 57, 58, 59, 60, 71, 72, 78, 81, 82, 83, 84, 85, 86, 89, 90, 96, 107, 108, 125, 126, 136, 137, 138, 139, 140, 141, 142, 143, 144, 161, 162, 170, 179, 180, 181, 182, 183, 184, 185, 186, 187, 188, 189, 190, 191, 192, 193, 194, 195, 196, 197

b : 38, 76

3 : 87, 88

1 : 103, 109, 110, 111, 112, 113, 117, 123, 129, 156, 174

c : 159

