object : Index

1 : 117, 375

w : 0, 1, 2, 3, 4, 5, 6, 7, 8, 9, 10, 11, 12, 13, 14, 15, 16, 17, 18, 19, 20, 21, 22, 36, 43, 44, 58, 65, 66, 67, 68, 69, 70, 71, 72, 80, 87, 88, 102, 103, 104, 105, 106, 107, 109, 110, 125, 131, 132, 139, 147, 148, 149, 150, 153, 154, 155, 156, 157, 158, 159, 161, 175, 176, 183, 186, 187, 188, 189, 197, 198, 202, 210, 219, 220, 224, 232, 241, 242, 243, 244, 245, 246, 247, 248, 249, 250, 251, 253, 254, 255, 256, 257, 258, 259, 260, 261, 262, 263, 264, 272, 273, 275, 285, 286, 290, 291, 292, 293, 294, 297, 307, 308, 312, 319, 320, 321, 322, 323, 324, 329, 330, 337, 338, 339, 351, 352, 353, 354, 355, 356, 357, 358, 366, 367, 368, 369, 370, 371, 372, 373, 374, 395, 396, 402, 417, 418, 424, 439, 440, 441, 442, 443, 444, 445, 446, 447, 448, 449, 450, 451, 452, 453, 454, 455, 456, 457, 458, 459, 460, 461

k : 271

g : 54, 55, 61, 114, 116, 206, 298, 299, 359, 361, 430

m : 252

2 : 174

u : 229

d : 30, 34

x : 48

. : 23, 24, 25, 26, 27, 28, 29, 31, 32, 33, 35, 37, 38, 39, 40, 41, 42, 45, 46, 47, 49, 50, 51, 52, 53, 56, 57, 59, 60, 62, 63, 64, 73, 74, 75, 76, 77, 78, 79, 81, 82, 83, 85, 86, 89, 91, 92, 93, 94, 95, 96, 97, 99, 100, 101, 108, 111, 112, 113, 115, 118, 119, 120, 121, 122, 123, 124, 126, 127, 128, 129, 130, 133, 134, 135, 136, 137, 138, 140, 141, 142, 143, 144, 145, 146, 151, 152, 160, 162, 163, 164, 165, 166, 167, 168, 169, 170, 171, 172, 173, 177, 178, 179, 180, 181, 182, 184, 185, 190, 191, 192, 193, 194, 195, 196, 199, 200, 201, 203, 204, 205, 207, 208, 209, 211, 212, 213, 214, 216, 217, 218, 221, 222, 223, 225, 227, 228, 230, 231, 233, 234, 235, 236, 237, 238, 239, 240, 265, 266, 267, 269, 270, 274, 276, 277, 278, 279, 280, 281, 282, 283, 284, 287, 288, 289, 295, 296, 300, 301, 302, 303, 305, 306, 309, 310, 311, 313, 314, 315, 316, 317, 318, 325, 326, 327, 328, 331, 332, 333, 334, 335, 336, 340, 341, 342, 343, 344, 345, 346, 347, 348, 349, 350, 362, 363, 364, 365, 376, 377, 378, 379, 380, 381, 382, 383, 384, 385, 386, 387, 388, 389, 390, 391, 392, 393, 394, 397, 398, 399, 400, 401, 403, 404, 405, 406, 407, 408, 409, 410, 411, 412, 413, 415, 416, 419, 420, 421, 422, 423, 425, 426, 427, 428, 429, 431, 432, 433, 434, 435, 436, 437, 438

f : 84, 90, 98, 215, 226, 268, 304, 360

A : 414

