object : Index

A : 43

1 : 30, 45, 57, 80

0 : 49, 75

. : 14, 15, 16, 17, 18, 19, 20, 21, 23, 24, 27, 28, 29, 31, 32, 33, 34, 35, 36, 37, 40, 41, 42, 44, 46, 48, 55, 58, 59, 66, 67, 68, 69, 70, 71, 72, 74, 76, 79, 81, 82, 83, 84, 85, 86, 87, 88, 92, 93, 94, 95, 96, 97, 98, 99, 100, 101

w : 0, 1, 2, 3, 4, 5, 6, 7, 8, 9, 10, 11, 12, 13, 22, 25, 26, 38, 39, 47, 50, 51, 52, 53, 54, 56, 60, 61, 62, 63, 64, 65, 73, 77, 78, 89, 90, 91, 102, 103, 104, 105, 106, 107, 108, 109, 110, 111, 112, 113, 114, 115, 116

