object : Index

d : 48, 49, 74, 75, 100, 101

A : 64

e : 287

. : 29, 30, 31, 32, 33, 34, 35, 36, 37, 38, 39, 40, 43, 44, 45, 46, 47, 53, 54, 56, 57, 58, 59, 60, 61, 62, 63, 65, 66, 69, 70, 71, 72, 73, 79, 83, 84, 85, 86, 87, 88, 89, 90, 91, 92, 95, 96, 97, 98, 99, 122, 123, 135, 136, 137, 138, 139, 140, 141, 142, 143, 144, 145, 146, 148, 149, 152, 153, 154, 166, 167, 168, 169, 170, 171, 172, 183, 184, 185, 186, 190, 191, 193, 194, 195, 196, 197, 198, 199, 200, 201, 204, 205, 206, 220, 221, 222, 235, 239, 240, 241, 242, 243, 244, 245, 247, 249, 250, 251, 252, 253, 254, 255, 256, 257, 258, 261, 262, 263, 267, 268, 269, 270, 271, 273, 275, 276, 277, 281, 282, 283, 284, 288, 289, 290, 291, 292, 295, 296, 297, 301, 302, 303, 304, 305, 309, 310

w : 0, 1, 2, 3, 4, 5, 6, 7, 8, 9, 10, 11, 12, 13, 14, 15, 16, 17, 18, 19, 20, 21, 22, 23, 24, 25, 26, 51, 52, 77, 78, 103, 104, 108, 109, 110, 111, 112, 113, 114, 115, 116, 117, 118, 119, 120, 121, 124, 125, 126, 127, 128, 129, 130, 134, 147, 155, 156, 160, 161, 162, 163, 164, 165, 173, 174, 175, 176, 177, 178, 181, 182, 207, 208, 209, 210, 211, 212, 213, 214, 215, 216, 217, 218, 219, 223, 224, 225, 226, 227, 228, 229, 230, 231, 232, 233, 234, 246, 248, 259, 260, 285, 286, 311, 312, 313, 314, 315, 316, 317, 318, 319, 320, 321, 322, 323, 324, 325, 326, 327, 328, 329, 330, 331, 332, 333, 334, 335, 336, 337

k : 27

b : 28, 41, 42, 55, 67, 68, 80, 81, 82, 93, 94, 105, 106, 107, 131, 132, 133, 150, 151, 157, 158, 159, 179, 180, 187, 188, 189, 202, 203, 236, 237, 238, 264, 265, 266, 278, 279, 280, 293, 294, 298, 299, 300, 306, 307, 308

c : 50, 76, 102, 272, 274

l : 192

