object : Index

o : 39

A : 18

t : 45

. : 15, 16, 19, 20, 21, 22, 23, 24, 25, 26, 29, 30, 37, 43, 44, 46, 47, 48, 49, 50, 51, 52, 53, 54, 57, 58, 67, 68, 71, 72, 74, 75, 76, 77, 79, 81, 82, 85, 86, 88, 89, 91, 92, 93, 95, 96, 99, 100, 102, 103, 104, 109, 110, 113, 114, 116, 117, 118, 120, 121, 122, 123, 124, 127, 128, 130, 131, 132, 133, 134, 136, 137, 138

w : 0, 1, 2, 3, 4, 5, 6, 7, 8, 9, 10, 11, 12, 13, 14, 27, 28, 31, 32, 33, 34, 35, 36, 38, 40, 41, 42, 55, 56, 59, 60, 61, 62, 63, 64, 65, 66, 69, 70, 73, 80, 83, 84, 87, 94, 97, 98, 101, 105, 106, 107, 108, 111, 112, 115, 125, 126, 129, 135, 139, 140, 141, 142, 143, 144, 145, 146, 147, 148, 149, 150, 151, 152, 153

k : 78

l : 17

p : 90

b : 119

