object : Index

2 : 36

r : 31, 40, 43, 48, 61, 64, 70, 83, 88, 99, 102, 109, 136, 174, 178, 185

w : 0, 1, 2, 3, 4, 5, 6, 7, 8, 9, 10, 11, 12, 13, 14, 15, 16, 17, 18, 19, 37, 38, 56, 57, 75, 76, 94, 95, 113, 114, 115, 116, 117, 118, 119, 120, 121, 122, 123, 124, 125, 126, 127, 128, 129, 130, 131, 132, 133, 151, 152, 170, 171, 189, 190, 191, 192, 193, 194, 195, 196, 197, 198, 199, 200, 201, 202, 203, 204, 205, 206, 207, 208

v : 158, 162, 167

A : 105

h : 156, 160, 164

3 : 172

+ : 20, 21, 22, 23, 24, 25, 26, 27, 28, 29, 30, 32, 33, 34, 35, 39, 41, 42, 44, 45, 46, 47, 49, 50, 51, 52, 53, 54, 55, 58, 59, 60, 62, 63, 65, 66, 67, 68, 69, 71, 72, 73, 74, 77, 78, 79, 80, 81, 82, 84, 85, 86, 87, 89, 90, 91, 92, 93, 96, 97, 98, 100, 101, 103, 104, 106, 107, 108, 110, 111, 112, 134, 135, 137, 138, 139, 140, 141, 142, 143, 144, 145, 146, 147, 148, 149, 150, 153, 154, 155, 157, 159, 161, 163, 165, 166, 168, 169, 173, 175, 176, 177, 179, 180, 181, 182, 183, 184, 186, 187

g : 188

