object : Index

A : 110

1 : 33, 57

h : 42, 48, 84

. : 14, 15, 16, 17, 18, 19, 20, 21, 22, 23, 24, 27, 28, 29, 30, 31, 32, 34, 35, 36, 37, 40, 41, 43, 44, 46, 47, 49, 50, 53, 54, 55, 56, 58, 59, 60, 61, 62, 63, 66, 67, 69, 70, 71, 72, 74, 75, 76, 79, 80, 81, 83, 85, 86, 88, 89, 92, 93, 94, 95, 97, 98, 99, 100, 102, 105, 106, 107, 108, 109, 111, 112, 113, 114, 115

w : 0, 1, 2, 3, 4, 5, 6, 7, 8, 9, 10, 11, 12, 13, 25, 26, 38, 39, 51, 52, 64, 65, 77, 78, 90, 91, 103, 104, 116, 117, 118, 119, 120, 121, 122, 123, 124, 125, 126, 127, 128, 129

b : 45

a : 82

3 : 68, 96

2 : 73, 101

c : 87

