object : Index

A : 88

1 : 46, 47, 48, 55, 56, 57, 58

0 : 50, 51, 52, 53, 108, 109, 110, 111, 113, 114

. : 16, 17, 18, 20, 21, 22, 23, 25, 26, 27, 28, 31, 33, 35, 38, 40, 43, 61, 62, 63, 64, 65, 66, 67, 68, 69, 70, 71, 72, 76, 77, 78, 79, 80, 81, 82, 83, 84, 85, 86, 93, 94, 95, 96, 97, 98, 99, 100, 123, 126, 128, 129, 130, 138, 139, 140, 141

w : 0, 1, 2, 3, 4, 5, 6, 7, 8, 9, 10, 11, 12, 13, 14, 15, 19, 24, 29, 30, 34, 39, 44, 45, 49, 54, 59, 60, 74, 75, 89, 90, 91, 92, 104, 105, 106, 107, 112, 115, 116, 117, 118, 119, 120, 121, 122, 127, 132, 133, 134, 135, 136, 137, 142, 143, 144, 145, 146, 147, 148, 149, 150, 151, 152, 153, 154, 155, 156, 157, 158, 159, 160, 161, 162, 163, 164

b : 32, 41, 42, 73, 87, 101, 102, 103

c : 36, 37, 124, 125

g : 131

