object : Index

d : 161

2 : 62

4 : 385

w : 0, 1, 2, 3, 4, 5, 6, 7, 8, 9, 10, 11, 12, 13, 14, 15, 16, 17, 18, 19, 20, 21, 22, 23, 24, 25, 26, 27, 28, 29, 30, 31, 32, 63, 64, 95, 96, 127, 128, 159, 160, 191, 192, 223, 224, 255, 256, 287, 288, 319, 320, 351, 352, 383, 384, 415, 416, 417, 418, 419, 420, 421, 422, 423, 424, 425, 426, 427, 428, 429, 430, 431, 432, 433, 434, 435, 436, 437, 438, 439, 440, 441, 442, 443, 444, 445, 446, 447

l : 39, 52

1 : 414

u : 126, 318

s : 34, 35, 36, 37, 38, 40, 41, 42, 43, 44, 45, 46, 47, 48, 49, 50, 51, 53, 54, 55, 56, 57, 58, 59, 60, 61, 65, 94, 97, 129, 158, 190, 193, 222, 225, 254, 257, 286, 289, 321, 350, 353, 382, 386, 387, 388, 389, 390, 392, 393, 394, 395, 396, 397, 398, 400, 401, 402, 403, 404, 405, 406, 408, 409, 410, 411, 412, 413

0 : 73, 74, 75, 76, 77, 78, 79, 88, 89, 90, 91, 92, 98, 99, 105, 106, 107, 108, 109, 110, 111, 124, 125, 130, 131, 156, 157, 162, 163, 194, 195, 284, 285, 290, 291, 316, 317, 322, 323, 330, 331, 333, 334, 336, 337, 339, 340, 345, 346, 347, 348, 349, 355, 362, 363, 365, 366, 368, 369, 371, 372, 377, 378, 379, 380

. : 66, 67, 68, 69, 70, 71, 72, 80, 81, 82, 83, 84, 85, 86, 87, 93, 100, 101, 102, 103, 104, 112, 113, 114, 115, 116, 117, 118, 119, 120, 121, 122, 123, 132, 133, 134, 135, 136, 137, 138, 139, 140, 141, 142, 143, 144, 145, 146, 147, 148, 149, 150, 151, 152, 153, 154, 155, 164, 165, 166, 167, 168, 169, 170, 171, 172, 173, 174, 175, 176, 177, 178, 179, 180, 181, 182, 183, 184, 185, 186, 187, 188, 189, 196, 197, 198, 199, 200, 201, 202, 203, 204, 205, 206, 208, 209, 210, 211, 212, 213, 214, 215, 216, 217, 218, 219, 220, 221, 226, 227, 228, 229, 230, 231, 232, 233, 234, 235, 236, 237, 238, 239, 240, 241, 242, 243, 244, 245, 246, 247, 248, 249, 250, 251, 252, 253, 258, 259, 260, 261, 262, 263, 264, 265, 266, 267, 268, 269, 270, 271, 272, 273, 274, 275, 276, 277, 278, 279, 280, 281, 282, 283, 292, 293, 294, 295, 296, 297, 298, 299, 300, 301, 302, 303, 304, 305, 306, 307, 308, 309, 310, 311, 312, 313, 314, 315, 324, 325, 326, 327, 328, 329, 332, 335, 338, 341, 342, 343, 344, 354, 356, 357, 358, 359, 360, 361, 364, 367, 370, 373, 374, 375, 376, 381

A : 207

r : 391, 399, 407

3 : 33

