object : Index

A : 314

e : 44, 125, 229

. : 20, 21, 22, 23, 24, 25, 26, 27, 28, 29, 30, 31, 32, 33, 39, 40, 41, 42, 43, 45, 46, 47, 48, 49, 59, 77, 78, 79, 80, 81, 82, 83, 84, 85, 86, 87, 88, 89, 92, 93, 96, 97, 98, 99, 100, 112, 115, 116, 117, 121, 122, 123, 124, 126, 127, 130, 131, 140, 153, 154, 155, 156, 162, 163, 164, 165, 166, 167, 168, 169, 172, 173, 174, 175, 176, 177, 178, 179, 180, 181, 186, 187, 188, 197, 210, 211, 212, 213, 214, 215, 218, 219, 224, 225, 226, 230, 231, 232, 233, 237, 238, 242, 243, 244, 245, 248, 249, 250, 251, 252, 253, 258, 259, 260, 264, 286, 287, 289, 290, 291, 292, 294, 295, 296, 297, 298, 305, 306, 307, 308, 310, 311, 312, 313, 315, 316, 320

w : 0, 1, 2, 3, 4, 5, 6, 7, 8, 9, 10, 11, 12, 13, 14, 15, 16, 17, 18, 19, 37, 38, 56, 57, 58, 60, 61, 62, 63, 64, 65, 66, 67, 68, 69, 70, 71, 72, 73, 74, 75, 76, 94, 95, 113, 114, 132, 133, 134, 135, 136, 137, 138, 139, 141, 142, 143, 144, 145, 146, 147, 148, 149, 150, 151, 152, 170, 171, 189, 190, 191, 192, 193, 194, 195, 196, 198, 199, 200, 201, 202, 203, 204, 205, 206, 207, 208, 209, 227, 228, 246, 247, 265, 266, 267, 269, 270, 271, 272, 273, 274, 275, 276, 277, 278, 279, 280, 281, 282, 283, 284, 285, 303, 304, 322, 323, 324, 325, 326, 327, 328, 329, 330, 331, 332, 333, 334, 335, 336, 337, 338, 339, 340, 341

f : 34, 35, 36, 50, 51, 52, 53, 54, 55, 90, 91, 108, 109, 110, 111, 128, 129, 157, 158, 159, 160, 161, 182, 183, 184, 185, 220, 221, 222, 223, 234, 235, 239, 240, 241, 254, 255, 256, 261, 262, 263, 288, 293, 299, 300, 309, 317, 318, 319

b : 101, 102, 103, 104, 105, 106, 107, 118, 119, 120, 216, 217, 236, 257, 301, 302, 321

  : 268

