object : Index

g : 145

_ : 17, 18, 19, 29, 30, 45, 46, 62, 77, 78, 81, 97, 114, 115, 120, 136, 152, 161, 163, 170, 171, 177, 193, 209, 217, 218, 219, 225, 235, 236, 237, 238

2 : 65, 234

0 : 20, 116, 172, 179

. : 21, 22, 23, 24, 25, 26, 27, 28, 33, 34, 35, 36, 37, 38, 39, 40, 41, 42, 43, 44, 49, 50, 51, 52, 53, 54, 55, 56, 57, 58, 59, 60, 66, 67, 68, 69, 70, 71, 72, 73, 74, 75, 76, 82, 83, 84, 85, 86, 87, 88, 89, 90, 91, 92, 93, 98, 99, 100, 101, 102, 103, 104, 105, 106, 107, 108, 109, 110, 117, 118, 119, 122, 123, 124, 125, 126, 133, 134, 135, 138, 139, 140, 141, 142, 146, 147, 148, 149, 150, 151, 157, 158, 164, 165, 166, 167, 173, 174, 180, 181, 182, 183, 184, 186, 187, 188, 189, 190, 195, 196, 197, 198, 199, 200, 201, 202, 203, 204, 205, 206, 213, 214, 215, 216, 220, 221, 222, 226, 227, 228, 229, 230, 231, 232

w : 0, 1, 2, 3, 4, 5, 6, 7, 8, 9, 10, 11, 12, 13, 14, 15, 16, 31, 32, 47, 48, 63, 64, 79, 80, 95, 96, 111, 112, 121, 127, 128, 129, 130, 131, 132, 137, 143, 144, 153, 154, 155, 156, 159, 160, 162, 169, 175, 176, 178, 185, 191, 192, 194, 207, 208, 210, 211, 212, 223, 224, 239, 240, 241, 242, 243, 244, 245, 246, 247, 248, 249, 250, 251, 252, 253, 254, 255

A : 113

3 : 61, 168, 233

1 : 94

