object : Index

1 : 72, 90, 112, 201, 281, 282, 283

0 : 79, 117, 138, 151, 153, 155, 166, 178, 180, 182, 192, 218, 220, 222, 246, 272, 274, 276, 279, 339

. : 33, 34, 35, 36, 37, 38, 39, 40, 41, 59, 86, 97, 98, 99, 100, 101, 102, 103, 106, 113, 122, 123, 124, 125, 126, 127, 128, 129, 133, 140, 144, 152, 154, 156, 159, 160, 167, 168, 170, 171, 172, 173, 174, 177, 179, 181, 186, 194, 198, 208, 213, 214, 221, 225, 226, 227, 228, 229, 231, 232, 233, 234, 235, 241, 248, 252, 262, 275, 289, 295, 298, 308, 309, 310, 316, 322, 325, 335, 336, 337, 343, 348, 349, 353, 354, 355, 356, 357, 358, 359, 360, 361, 362, 364, 365, 366, 367, 368, 369, 370, 371, 372, 373, 374, 375, 376

w : 0, 1, 2, 3, 4, 5, 6, 7, 8, 9, 10, 11, 12, 13, 14, 15, 16, 17, 18, 19, 20, 21, 22, 23, 24, 25, 26, 27, 28, 29, 30, 31, 42, 43, 44, 45, 46, 47, 48, 49, 50, 51, 52, 53, 54, 55, 56, 57, 58, 60, 61, 62, 63, 64, 65, 66, 67, 68, 69, 70, 71, 73, 74, 75, 76, 77, 78, 80, 81, 82, 83, 84, 85, 87, 88, 89, 91, 92, 93, 94, 95, 96, 104, 105, 107, 108, 109, 110, 111, 114, 115, 116, 118, 119, 120, 121, 130, 131, 132, 134, 135, 136, 137, 139, 141, 142, 143, 145, 146, 147, 148, 149, 150, 157, 158, 161, 162, 163, 164, 165, 175, 176, 183, 184, 185, 187, 188, 189, 190, 191, 193, 195, 196, 197, 199, 200, 202, 203, 204, 205, 206, 207, 209, 210, 211, 212, 215, 216, 217, 219, 223, 224, 236, 237, 238, 239, 240, 242, 243, 244, 245, 247, 249, 250, 251, 253, 254, 255, 256, 257, 258, 259, 260, 261, 263, 264, 265, 266, 267, 269, 270, 271, 273, 277, 278, 280, 284, 285, 286, 287, 288, 290, 291, 292, 293, 294, 296, 297, 299, 300, 301, 302, 303, 304, 305, 306, 307, 311, 312, 313, 314, 315, 317, 318, 319, 320, 321, 323, 324, 326, 327, 328, 329, 330, 331, 332, 333, 334, 338, 340, 341, 342, 344, 345, 346, 347, 350, 351, 363, 377, 378, 379, 380, 381, 382, 383, 384, 385, 386, 387, 388, 389, 390, 391, 392, 393, 394, 395, 396, 397, 398, 399, 400, 401, 402, 403, 404

A : 352

m : 169, 268

e : 32, 230

