object : Index

o : 53, 160

i : 41, 47

2 : 109

r : 20, 185

w : 0, 1, 2, 3, 4, 5, 6, 7, 8, 9, 10, 11, 12, 13, 14, 15, 16, 17, 18, 19, 27, 37, 38, 46, 56, 57, 65, 75, 76, 81, 82, 83, 84, 85, 86, 87, 88, 89, 90, 91, 92, 93, 94, 95, 113, 114, 115, 116, 117, 118, 122, 126, 132, 133, 137, 141, 145, 147, 148, 151, 152, 156, 170, 171, 175, 179, 189, 190, 191, 192, 193, 194, 195, 196, 197, 198, 199, 200, 201, 202, 203, 204, 205, 206, 207, 208

h : 98, 153

A : 55

v : 31, 43, 158, 161, 164, 168

3 : 135

+ : 21, 22, 23, 24, 25, 26, 28, 29, 30, 32, 33, 34, 35, 36, 39, 40, 42, 44, 45, 48, 49, 50, 51, 52, 54, 58, 59, 60, 61, 62, 63, 64, 66, 67, 68, 69, 70, 71, 72, 73, 74, 77, 78, 79, 80, 96, 97, 99, 100, 101, 102, 103, 104, 105, 106, 107, 108, 110, 111, 112, 119, 120, 121, 123, 124, 125, 127, 128, 129, 130, 131, 134, 136, 138, 139, 140, 142, 143, 144, 146, 149, 150, 154, 155, 157, 159, 162, 163, 165, 166, 167, 169, 173, 174, 176, 177, 178, 180, 181, 182, 183, 184, 186, 187, 188

g : 172

