object : Index

_ : 21, 22, 25, 26, 31, 34, 40, 42, 44, 45, 50, 53, 54, 63, 69, 77, 78, 79, 80, 81, 83, 88, 89, 90, 92, 96, 97, 98, 99, 100, 108, 109, 110, 111, 115, 116, 118, 119, 120, 122, 126, 127, 130, 131, 138, 139, 140, 147, 148, 149, 150, 153, 154, 157, 158, 159, 160, 162, 163, 164, 165, 168, 169, 172, 173, 174, 175, 176, 177, 178, 179, 180, 182, 183, 184, 185, 186

. : 23, 32, 39, 41, 52, 93, 117, 142, 155, 181

w : 0, 1, 2, 3, 4, 5, 6, 7, 8, 9, 10, 11, 12, 13, 14, 15, 16, 17, 18, 19, 37, 38, 56, 57, 75, 76, 94, 95, 113, 114, 132, 133, 151, 152, 170, 171, 189, 190, 191, 192, 193, 194, 195, 196, 197, 198, 199, 200, 201, 202, 203, 204, 205, 206, 207, 208

A : 20

g : 36

b : 24, 27, 28, 29, 30, 33, 35, 43, 46, 47, 48, 49, 51, 55, 58, 59, 60, 61, 62, 64, 65, 66, 67, 68, 70, 71, 72, 73, 74, 82, 84, 85, 86, 87, 91, 101, 102, 103, 104, 105, 106, 107, 112, 121, 123, 124, 125, 128, 129, 134, 135, 136, 137, 141, 143, 144, 145, 146, 156, 161, 166, 167, 187, 188

