object : Index

g : 64

A : 73

1 : 40, 41, 42, 43, 44, 108

0 : 65

. : 23, 24, 25, 28, 29, 34, 39, 46, 50, 51, 55, 56, 57, 66, 67, 68, 69, 71, 72, 74, 75, 76, 77, 78, 82, 83, 87, 88, 89, 90, 91, 92, 93, 94, 98, 103, 104, 119, 120, 122, 123, 125, 126, 135, 136, 138, 139, 141, 142

w : 0, 1, 2, 3, 4, 5, 6, 7, 8, 9, 10, 11, 12, 13, 14, 15, 16, 17, 26, 27, 31, 32, 33, 47, 48, 49, 58, 59, 60, 61, 62, 63, 79, 80, 81, 95, 96, 97, 105, 111, 112, 113, 121, 127, 128, 129, 130, 131, 132, 133, 134, 137, 143, 144, 145, 146, 147, 148, 149, 150, 151, 152, 153, 154, 155, 156, 157, 158, 159

b : 45, 124

c : 18, 19, 20, 21, 22, 35, 36, 37, 38, 52, 53, 54, 70, 84, 85, 86, 99, 100, 101, 102, 106, 107, 109, 110, 114, 115, 116, 117, 118

e : 30, 140

