object : Index

A : 230

0 : 30, 57, 64, 84, 128, 137, 211, 223

. : 25, 26, 27, 28, 29, 31, 32, 33, 34, 35, 36, 37, 38, 39, 40, 41, 42, 43, 44, 45, 46, 49, 50, 51, 52, 53, 54, 56, 58, 59, 60, 61, 63, 65, 66, 67, 68, 69, 70, 73, 74, 75, 77, 78, 79, 80, 81, 82, 83, 85, 88, 89, 90, 91, 92, 93, 94, 97, 98, 99, 100, 101, 103, 104, 105, 106, 107, 108, 109, 110, 111, 112, 113, 114, 116, 117, 118, 121, 122, 123, 124, 125, 126, 127, 129, 130, 131, 133, 134, 135, 136, 138, 139, 140, 141, 142, 145, 146, 147, 148, 149, 151, 152, 153, 154, 156, 157, 158, 160, 161, 163, 164, 165, 166, 169, 170, 171, 172, 173, 174, 175, 177, 178, 179, 180, 181, 182, 183, 185, 186, 187, 188, 189, 190, 193, 194, 195, 197, 198, 199, 200, 201, 203, 204, 205, 206, 207, 209, 210, 212, 213, 214, 217, 218, 219, 220, 221, 222, 224, 225, 226, 227, 228, 229, 231, 232, 233, 234, 235, 236, 237, 238

w : 0, 1, 2, 3, 4, 5, 6, 7, 8, 9, 10, 11, 12, 13, 14, 15, 16, 17, 18, 19, 20, 21, 22, 23, 24, 47, 48, 55, 62, 71, 72, 76, 86, 87, 95, 96, 102, 115, 119, 120, 132, 143, 144, 150, 155, 159, 162, 167, 168, 176, 184, 191, 192, 196, 202, 208, 215, 216, 239, 240, 241, 242, 243, 244, 245, 246, 247, 248, 249, 250, 251, 252, 253, 254, 255, 256, 257, 258, 259, 260, 261, 262, 263

