object : Index

2 : 21

w : 0, 1, 2, 3, 4, 5, 6, 7, 8, 9, 10, 11, 12, 13, 14, 15, 16, 17, 18, 19, 37, 38, 56, 57, 75, 76, 94, 95, 113, 114, 132, 133, 139, 140, 141, 142, 151, 152, 158, 161, 170, 171, 172, 173, 174, 175, 176, 177, 178, 179, 180, 181, 182, 183, 184, 185, 186, 187, 188, 189

g : 159

o : 169

i : 22, 40

x : 43

r : 41

v : 62, 69, 83

A : 85

h : 97, 123

3 : 160

+ : 20, 23, 24, 25, 26, 27, 28, 29, 30, 31, 32, 33, 34, 35, 36, 39, 42, 44, 45, 46, 47, 48, 49, 50, 51, 52, 53, 54, 55, 58, 59, 60, 61, 63, 64, 65, 66, 67, 68, 70, 71, 72, 73, 74, 77, 78, 79, 80, 81, 82, 84, 86, 87, 88, 89, 90, 91, 92, 93, 96, 98, 99, 100, 101, 102, 103, 104, 105, 106, 107, 108, 109, 110, 111, 112, 115, 116, 117, 118, 119, 120, 121, 122, 124, 125, 126, 127, 128, 129, 130, 131, 134, 135, 136, 137, 138, 143, 144, 145, 146, 147, 148, 149, 150, 153, 154, 155, 156, 157, 162, 163, 164, 165, 166, 167, 168

