object : Index

A : 15

1 : 30, 68, 73

0 : 44, 81, 89

. : 16, 17, 18, 19, 20, 21, 22, 23, 31, 32, 33, 34, 35, 36, 43, 45, 46, 47, 48, 49, 50, 56, 57, 58, 59, 60, 61, 62, 63, 66, 67, 69, 70, 71, 79, 80, 82, 83, 84, 85, 86, 87, 88, 92, 93, 94, 95, 96, 97, 98, 99, 100, 101, 102

w : 0, 1, 2, 3, 4, 5, 6, 7, 8, 9, 10, 11, 12, 13, 14, 24, 25, 26, 27, 28, 29, 37, 38, 39, 40, 41, 42, 51, 52, 53, 54, 55, 64, 65, 72, 74, 75, 76, 77, 78, 90, 91, 103, 104, 105, 106, 107, 108, 109, 110, 111, 112, 113, 114, 115, 116

