object : Index

1 : 86, 186

3 : 92, 176

w : 0, 1, 2, 3, 4, 5, 6, 7, 8, 9, 10, 11, 12, 13, 14, 15, 16, 17, 18, 19, 20, 21, 26, 31, 36, 41, 42, 47, 52, 57, 62, 63, 68, 73, 78, 83, 84, 85, 87, 88, 89, 90, 91, 93, 94, 95, 97, 98, 99, 100, 101, 104, 105, 125, 126, 146, 147, 167, 168, 169, 172, 173, 174, 175, 177, 178, 179, 181, 182, 183, 184, 185, 187, 188, 189, 194, 199, 204, 209, 210, 215, 220, 225, 230, 231, 236, 241, 246, 251, 252, 253, 254, 255, 256, 257, 258, 259, 260, 261, 262, 263, 264, 265, 266, 267, 268, 269, 270, 271, 272

~ : 22, 23, 24, 25, 44, 45, 46, 64, 65, 66, 67, 110, 115, 120, 152, 157, 162, 211, 212, 213, 214

2 : 102, 103, 170, 171, 180

d : 27, 30, 48, 51, 59, 69, 72, 80, 133, 139, 196, 202, 206, 227

i : 43

e : 54

x : 32, 33, 34, 35, 53, 55, 56, 74, 75, 76, 77, 200, 203, 221, 222, 223, 224, 243, 244, 245

r : 29, 124, 190, 219

. : 40, 49, 58, 60, 61, 70, 71, 79, 81, 82, 106, 107, 108, 109, 111, 112, 113, 114, 116, 117, 118, 119, 121, 122, 129, 130, 132, 134, 135, 137, 138, 140, 141, 142, 143, 144, 145, 148, 149, 150, 151, 153, 154, 155, 156, 158, 159, 160, 161, 163, 164, 191, 192, 193, 195, 197, 198, 201, 207, 208, 216, 217, 218, 226, 228, 229, 232, 235, 237, 240, 249

- : 96

c : 28, 37, 38, 39, 123, 128, 136, 165, 205, 233, 234, 238, 239, 248

A : 131

g : 50, 127, 247

b : 166, 242, 250

