object : Index

A : 200

t : 30, 83, 130

x : 24

. : 23, 27, 28, 29, 33, 34, 35, 36, 37, 38, 39, 41, 43, 49, 52, 57, 59, 60, 61, 62, 65, 68, 72, 73, 78, 84, 88, 92, 93, 94, 97, 98, 99, 100, 104, 108, 113, 120, 124, 129, 131, 132, 133, 134, 135, 136, 137, 138, 139, 140, 141, 142, 145, 147, 152, 156, 161, 163, 164, 165, 166, 168, 172, 177, 182, 184, 188, 193, 194, 195, 196, 197, 198, 204

w : 0, 1, 2, 3, 4, 5, 6, 7, 8, 9, 10, 11, 12, 13, 14, 15, 16, 17, 18, 19, 20, 21, 22, 25, 26, 31, 32, 40, 42, 44, 45, 46, 47, 48, 50, 51, 53, 54, 55, 56, 58, 63, 64, 66, 67, 69, 70, 71, 74, 75, 76, 77, 79, 80, 81, 82, 85, 86, 87, 89, 90, 91, 95, 96, 101, 102, 103, 105, 106, 107, 109, 110, 111, 112, 114, 115, 116, 117, 118, 119, 121, 122, 123, 125, 126, 127, 128, 143, 144, 146, 148, 149, 150, 151, 153, 154, 155, 157, 158, 159, 160, 162, 167, 169, 170, 171, 173, 174, 175, 176, 178, 179, 180, 181, 183, 185, 186, 187, 189, 190, 191, 192, 199, 201, 202, 203, 205, 206, 207, 208, 209, 210, 211, 212, 213, 214, 215, 216, 217, 218, 219, 220, 221, 222, 223

