object : Index

A : 30

t : 29, 73, 180

x : 193

. : 17, 18, 19, 20, 21, 22, 23, 24, 25, 26, 27, 28, 33, 44, 46, 49, 50, 51, 52, 53, 54, 55, 56, 57, 58, 60, 62, 74, 76, 78, 81, 82, 83, 84, 85, 86, 87, 88, 89, 90, 92, 94, 97, 108, 110, 113, 115, 116, 117, 119, 120, 121, 124, 126, 129, 131, 133, 134, 135, 137, 138, 140, 142, 145, 147, 156, 158, 161, 163, 164, 165, 166, 167, 168, 169, 170, 171, 172, 174, 177, 179, 188, 190, 195, 196, 197, 198, 199, 200, 201, 202, 204, 205, 206

w : 0, 1, 2, 3, 4, 5, 6, 7, 8, 9, 10, 11, 12, 13, 14, 15, 16, 31, 32, 34, 35, 36, 37, 38, 39, 40, 41, 42, 43, 45, 47, 48, 59, 61, 63, 64, 65, 66, 67, 68, 69, 70, 71, 72, 75, 77, 79, 80, 91, 93, 95, 96, 98, 99, 100, 101, 102, 103, 104, 105, 106, 107, 109, 111, 112, 114, 118, 122, 123, 125, 127, 128, 130, 132, 136, 139, 141, 143, 144, 146, 148, 149, 150, 151, 152, 153, 154, 155, 157, 159, 160, 162, 173, 175, 176, 178, 181, 182, 183, 184, 185, 186, 187, 189, 191, 192, 194, 203, 207, 208, 209, 210, 211, 212, 213, 214, 215, 216, 217, 218, 219, 220, 221, 222, 223

