object : Index

A : 193

0 : 26, 31, 43, 86, 88, 102, 122, 133, 158, 177, 188, 189, 205, 223, 233

. : 25, 27, 29, 30, 32, 33, 34, 35, 36, 37, 38, 39, 41, 42, 44, 45, 46, 49, 50, 51, 53, 54, 55, 56, 59, 60, 61, 62, 63, 65, 66, 73, 74, 75, 77, 80, 81, 83, 84, 85, 87, 89, 90, 91, 92, 93, 94, 97, 98, 99, 101, 103, 104, 105, 107, 108, 116, 117, 118, 121, 131, 132, 134, 135, 136, 137, 139, 140, 141, 142, 145, 146, 147, 148, 149, 150, 151, 152, 153, 154, 155, 156, 157, 159, 160, 161, 163, 164, 165, 169, 172, 173, 174, 178, 179, 180, 187, 190, 194, 195, 196, 203, 204, 206, 207, 208, 209, 211, 212, 213, 214, 219, 220, 221, 222, 224, 225, 226, 227, 228, 229, 231, 232, 234, 235

w : 0, 1, 2, 3, 4, 5, 6, 7, 8, 9, 10, 11, 12, 13, 14, 15, 16, 17, 18, 19, 20, 21, 22, 23, 24, 28, 40, 47, 48, 52, 57, 58, 64, 67, 68, 69, 70, 71, 72, 76, 78, 79, 82, 95, 96, 100, 106, 109, 110, 111, 112, 113, 114, 115, 119, 120, 123, 124, 125, 126, 127, 128, 129, 130, 138, 143, 144, 162, 166, 167, 168, 170, 171, 175, 176, 181, 182, 183, 184, 185, 186, 191, 192, 197, 198, 199, 200, 201, 202, 210, 215, 216, 217, 218, 230, 236, 237, 238, 239, 240, 241, 242, 243, 244, 245, 246, 247, 248, 249, 250, 251, 252, 253, 254, 255, 256, 257, 258, 259, 260, 261, 262, 263

