object : Index

A : 98

1 : 31, 37, 58, 88, 176, 216

0 : 44, 46, 48, 50, 52, 53, 54, 80, 81, 82, 92, 108, 109, 110, 137, 138, 141, 169, 197, 222, 261, 263, 265, 267, 269, 274, 278

. : 29, 30, 32, 33, 34, 35, 36, 38, 39, 41, 42, 43, 45, 47, 49, 57, 59, 60, 61, 62, 63, 64, 65, 66, 67, 68, 69, 70, 71, 72, 73, 74, 75, 76, 77, 78, 85, 86, 87, 89, 90, 91, 93, 94, 95, 96, 97, 99, 100, 101, 102, 103, 104, 105, 106, 124, 125, 126, 127, 128, 129, 130, 131, 132, 133, 134, 135, 136, 142, 143, 144, 145, 146, 147, 148, 149, 150, 151, 152, 153, 154, 155, 156, 157, 158, 159, 161, 162, 163, 164, 165, 170, 171, 172, 173, 174, 175, 177, 178, 179, 180, 181, 182, 183, 184, 185, 186, 187, 188, 189, 190, 191, 192, 193, 194, 198, 199, 200, 201, 202, 203, 204, 205, 206, 212, 213, 214, 215, 217, 218, 219, 220, 221, 229, 230, 231, 232, 233, 234, 235, 236, 237, 238, 239, 240, 241, 242, 243, 244, 246, 247, 248, 249, 250, 253, 254, 255, 256, 257, 258, 259, 260, 262, 264, 266, 268, 270, 271, 272, 275, 276, 277

w : 0, 1, 2, 3, 4, 5, 6, 7, 8, 9, 10, 11, 12, 13, 14, 15, 16, 17, 18, 19, 20, 21, 22, 23, 24, 25, 26, 27, 28, 40, 51, 55, 56, 79, 83, 84, 107, 111, 112, 113, 114, 115, 116, 117, 118, 119, 120, 121, 122, 123, 139, 140, 160, 166, 167, 168, 195, 196, 207, 208, 209, 210, 211, 223, 224, 225, 226, 227, 228, 245, 251, 252, 273, 279, 280, 281, 282, 283, 284, 285, 286, 287, 288, 289, 290, 291, 292, 293, 294, 295, 296, 297, 298, 299, 300, 301, 302, 303, 304, 305, 306, 307

