object : Index

- : 144, 163, 165, 167, 183, 186

2 : 50, 61

. : 28, 30, 32, 33, 36, 48, 52, 53, 70

w : 0, 1, 2, 3, 4, 5, 6, 7, 8, 9, 10, 11, 12, 13, 14, 15, 16, 17, 18, 19, 27, 37, 38, 46, 56, 57, 65, 75, 76, 84, 85, 86, 87, 88, 89, 90, 91, 94, 95, 113, 114, 122, 123, 124, 125, 126, 127, 128, 129, 132, 133, 141, 151, 152, 160, 170, 171, 179, 189, 190, 191, 192, 193, 194, 195, 196, 197, 198, 199, 200, 201, 202, 203, 204, 205, 206, 207, 208

A : 105

+ : 20, 21, 22, 23, 24, 25, 26, 29, 31, 34, 35, 39, 40, 43, 44, 45, 47, 49, 51, 54, 55, 58, 59, 60, 62, 63, 64, 66, 68, 69, 71, 72, 73, 74, 77, 78, 79, 81, 82, 83, 92, 93, 96, 97, 98, 100, 101, 102, 103, 104, 106, 107, 108, 109, 110, 111, 112, 115, 116, 118, 119, 121, 130, 131, 134, 135, 136, 138, 139, 140, 142, 143, 145, 146, 147, 148, 149, 150, 153, 154, 155, 157, 158, 159, 161, 162, 164, 166, 168, 169, 172, 173, 175, 176, 177, 178, 180, 181, 182, 184, 185, 187, 188

1 : 41, 42, 67, 80, 99, 117, 120, 137, 156, 174

