object : Index

d : 65, 76, 78, 89

i : 29

e : 118

x : 56, 57, 58, 68, 70, 80, 82, 92, 93, 94

. : 52, 53, 54, 55, 64, 66, 67, 79, 88, 90, 91, 100, 101, 102, 103, 114, 115, 117

w : 0, 1, 2, 3, 4, 5, 6, 7, 8, 9, 10, 11, 12, 13, 14, 15, 20, 21, 22, 23, 24, 25, 26, 27, 32, 33, 34, 35, 36, 37, 38, 39, 44, 45, 46, 47, 48, 59, 60, 71, 72, 83, 84, 95, 96, 97, 98, 99, 104, 105, 106, 107, 108, 119, 120, 121, 122, 123, 124, 125, 126, 127, 128, 129, 130, 131

f : 49

A : 77

~ : 16, 17, 18, 19, 28, 31, 40, 41, 42, 43, 50, 51, 62, 63, 74, 75, 86, 87

c : 30, 61, 69, 73, 81, 85, 109, 110, 111, 112, 113

- : 116

