object : Index

l : 133

t : 17, 172

. : 33, 34, 35, 38, 39, 40, 41, 42, 45, 46, 49, 50, 51, 52, 53, 54, 55, 56, 57, 58, 59, 60, 61, 62, 65, 66, 67, 68, 69, 70, 71, 72, 73, 74, 75, 76, 77, 78, 81, 82, 83, 84, 85, 86, 87, 88, 89, 90, 91, 92, 93, 94, 97, 98, 99, 100, 101, 102, 103, 104, 105, 106, 107, 108, 109, 110, 129, 130, 131, 132, 134, 135, 136, 137, 138, 139, 140, 141, 142, 145, 146, 147, 150, 151, 152, 153, 154, 157, 158, 161, 162, 163, 166, 167, 168, 169, 170, 173, 174, 177, 178, 179, 182, 183, 184, 185, 186, 189, 190

w : 0, 1, 2, 3, 4, 5, 6, 7, 8, 9, 10, 11, 12, 13, 14, 15, 16, 31, 32, 47, 48, 63, 64, 79, 80, 95, 96, 111, 112, 127, 128, 143, 144, 159, 160, 175, 176, 191, 192, 193, 194, 195, 196, 197, 198, 199, 200, 201, 202, 203, 204, 205, 206, 207

p : 30, 171

A : 23

g : 119

k : 188

+ : 18, 19, 20, 21, 22, 24, 25, 26, 27, 28, 29, 36, 37, 43, 44, 113, 114, 115, 116, 117, 118, 120, 121, 122, 123, 124, 125, 126, 148, 149, 155, 156, 164, 165, 180, 181, 187

