object : Index

d : 116

b : 57, 58, 61, 69, 76, 77

e : 161

r : 19, 56, 72, 131

. : 16, 17, 18, 31, 33, 34, 46, 47, 48, 49, 62, 63, 64, 66, 67, 68, 78, 79, 80, 81, 82, 83, 84, 85, 86, 87, 88, 97, 98, 99, 100, 101, 102, 103

w : 0, 1, 2, 3, 4, 5, 6, 7, 8, 9, 10, 11, 12, 13, 14, 15, 20, 21, 22, 23, 24, 25, 26, 27, 28, 29, 30, 35, 36, 37, 38, 39, 40, 41, 42, 43, 44, 45, 50, 51, 52, 53, 54, 55, 59, 60, 74, 75, 89, 90, 91, 92, 93, 94, 95, 96, 104, 105, 106, 107, 108, 109, 110, 111, 112, 113, 114, 115, 117, 118, 119, 120, 121, 122, 123, 124, 125, 126, 127, 128, 129, 130, 132, 133, 134, 135, 136, 137, 138, 139, 140, 141, 142, 143, 144, 145, 147, 148, 149, 150, 151, 152, 153, 154, 155, 156, 157, 158, 159, 160, 162, 163, 164, 165, 166, 167, 168, 169, 170, 171, 172, 173, 174, 175, 176, 177, 178, 179

k : 65

A : 32

g : 70, 71, 73, 146

