object : Index

g : 231

_ : 18, 19, 20, 21, 22, 28, 44, 45, 46, 81, 82, 83, 93, 97, 98, 99, 108, 109, 110, 113, 114, 115, 130, 131, 146, 147, 156, 157, 158, 162, 163, 173, 174, 189, 205, 206, 215, 221, 222, 237

1 : 30, 161, 183

0 : 17, 129, 145

. : 24, 25, 26, 27, 33, 34, 35, 36, 37, 38, 39, 40, 41, 42, 43, 49, 50, 51, 52, 53, 54, 55, 56, 57, 58, 59, 60, 61, 62, 65, 66, 67, 68, 69, 70, 71, 72, 73, 74, 75, 76, 77, 78, 84, 85, 86, 87, 88, 89, 90, 91, 94, 100, 101, 102, 103, 104, 105, 106, 116, 117, 118, 119, 120, 121, 122, 132, 133, 134, 135, 136, 137, 138, 139, 140, 141, 142, 148, 149, 150, 151, 152, 153, 154, 155, 164, 165, 166, 167, 168, 169, 170, 171, 172, 177, 178, 179, 180, 181, 182, 184, 185, 186, 187, 188, 193, 194, 195, 196, 197, 198, 199, 200, 201, 202, 203, 204, 209, 210, 211, 212, 213, 217, 218, 219, 220, 225, 226, 227, 228, 229, 233, 234, 235, 236

w : 0, 1, 2, 3, 4, 5, 6, 7, 8, 9, 10, 11, 12, 13, 14, 15, 16, 29, 31, 32, 47, 48, 63, 64, 79, 80, 95, 96, 111, 112, 123, 124, 125, 126, 127, 128, 143, 144, 159, 160, 175, 176, 191, 192, 207, 208, 214, 216, 223, 224, 230, 232, 239, 240, 241, 242, 243, 244, 245, 246, 247, 248, 249, 250, 251, 252, 253, 254, 255

A : 23

3 : 92, 190, 238

2 : 107

