object : Index

e : 40, 114

. : 21, 22, 24, 25, 27, 28, 31, 36, 37, 39, 42, 43, 46, 47, 51, 52, 57, 58, 62, 63, 66, 67, 68, 69, 70, 71, 73, 76, 77, 81, 82, 83, 84, 85, 86, 87, 88, 91, 96, 97, 102, 103, 111, 112, 115, 117, 118

w : 0, 1, 2, 3, 4, 5, 6, 7, 8, 9, 10, 11, 12, 13, 14, 15, 29, 30, 44, 45, 59, 60, 74, 75, 89, 90, 104, 105, 119, 120, 121, 122, 123, 124, 125, 126, 127, 128, 129, 130, 131, 132, 133, 134

A : 72

g : 61

c : 16, 17, 18, 19, 20, 23, 26, 32, 33, 34, 35, 38, 41, 48, 49, 50, 53, 54, 55, 56, 64, 65, 78, 79, 80, 92, 93, 94, 95, 98, 99, 100, 101, 106, 107, 108, 109, 110, 113, 116

