object : Index

o : 30, 35, 42, 46, 56, 57, 58, 59, 60, 61, 70, 73, 95, 97, 99, 100, 102, 121, 123, 127, 128, 148, 163, 194, 199, 209, 210, 211, 254, 255, 272, 273, 276

- : 158, 183, 184, 225, 251, 262, 263, 277, 287, 288, 289, 304, 305, 306, 307, 308

e : 292

x : 32, 33, 45, 47, 48, 83, 84, 85, 98, 105, 122, 153, 154, 179, 180, 205, 206, 241, 250, 252, 269, 274, 275

. : 27, 28, 29, 31, 34, 36, 37, 38, 39, 40, 41, 43, 44, 49, 50, 53, 54, 55, 62, 63, 64, 65, 66, 67, 68, 69, 71, 72, 74, 75, 76, 79, 80, 81, 82, 86, 87, 88, 89, 90, 91, 92, 93, 94, 96, 101, 106, 107, 108, 109, 110, 111, 112, 113, 114, 115, 116, 117, 118, 119, 120, 124, 125, 126, 140, 141, 142, 143, 144, 145, 146, 147, 149, 150, 151, 159, 160, 161, 164, 165, 166, 167, 168, 169, 170, 171, 172, 173, 174, 175, 176, 177, 185, 186, 187, 188, 189, 190, 191, 192, 195, 196, 197, 198, 200, 201, 202, 203, 212, 213, 214, 215, 216, 217, 218, 219, 220, 221, 222, 223, 224, 226, 227, 228, 229, 231, 232, 235, 236, 237, 238, 239, 240, 242, 243, 244, 245, 253, 257, 258, 264, 265, 266, 267, 268, 270, 271, 278, 279, 280, 281, 283, 284, 290, 291, 293, 294, 295, 296, 297, 298, 299, 300, 301, 302, 309, 310

w : 0, 1, 2, 3, 4, 5, 6, 7, 8, 9, 10, 11, 12, 13, 14, 15, 16, 17, 18, 19, 20, 21, 22, 23, 24, 25, 26, 51, 52, 77, 78, 103, 104, 129, 130, 131, 132, 133, 134, 135, 136, 137, 138, 139, 152, 155, 156, 178, 181, 182, 204, 207, 208, 230, 233, 234, 246, 247, 248, 249, 256, 259, 260, 282, 285, 286, 311, 312, 313, 314, 315, 316, 317, 318, 319, 320, 321, 322, 323, 324, 325, 326, 327, 328, 329, 330, 331, 332, 333, 334, 335, 336, 337

b : 157, 303

c : 162, 261

A : 193

