object : Index

2 : 41, 87

. : 14, 15, 16, 17, 19, 20, 21, 22, 24, 27, 28, 29, 33, 34, 35, 36, 37, 40, 42, 43, 47, 48, 49, 50, 53, 54, 62, 63, 66, 67, 68, 69, 70, 71, 73, 74, 75, 76, 79, 80, 81, 82, 84, 85, 86, 88, 89, 93, 94, 95, 98, 99, 100, 102

w : 0, 1, 2, 3, 4, 5, 6, 7, 8, 9, 10, 11, 12, 13, 18, 25, 26, 30, 31, 32, 38, 39, 44, 45, 46, 51, 52, 55, 56, 57, 58, 59, 60, 61, 64, 65, 72, 77, 78, 83, 90, 91, 96, 103, 104, 105, 106, 107, 108, 109, 110, 111, 112, 113, 114, 115, 116

A : 92

g : 23

+ : 97

1 : 101

