object : Index

2 : 38

. : 27, 29, 46, 48, 65, 67, 77, 78, 79, 80, 81, 82, 83, 84, 86, 87, 88, 89, 90, 91, 92, 93, 96, 97, 98, 99, 100, 101, 102, 103, 115, 116, 117, 118, 119, 120, 121, 122, 124, 125, 126, 127, 128, 129, 130, 131, 141, 143, 160, 162, 179, 181

w : 0, 1, 2, 3, 4, 5, 6, 7, 8, 9, 10, 11, 12, 13, 14, 15, 16, 17, 18, 19, 37, 56, 57, 58, 59, 60, 61, 62, 63, 64, 75, 76, 94, 95, 113, 114, 132, 133, 151, 152, 170, 171, 189, 190, 191, 192, 193, 194, 195, 196, 197, 198, 199, 200, 201, 202, 203, 204, 205, 206, 207, 208

, : 20, 21, 22, 23, 24, 25, 26, 28, 30, 31, 32, 33, 34, 35, 36, 39, 40, 41, 42, 43, 44, 45, 47, 49, 50, 51, 52, 54, 55, 66, 85, 104, 105, 106, 107, 108, 109, 110, 111, 112, 123, 134, 135, 136, 137, 138, 139, 142, 153, 154, 155, 156, 157, 158, 159, 161, 173, 174, 175, 176, 177, 180

A : 172

g : 53

e : 68, 69, 70, 71, 72, 73, 74, 140, 144, 145, 146, 147, 148, 149, 150, 163, 164, 165, 166, 167, 168, 169, 178, 182, 183, 184, 185, 186, 187, 188

