object : Index

0 : 148, 150, 170, 171, 172, 173, 174, 193, 194, 196, 197, 216, 217, 218, 219, 220, 240, 242

. : 24, 25, 26, 27, 28, 29, 30, 31, 32, 33, 34, 35, 36, 37, 38, 39, 40, 41, 42, 43, 44, 47, 48, 49, 50, 51, 52, 53, 54, 55, 56, 57, 58, 59, 60, 61, 62, 63, 64, 65, 66, 67, 70, 71, 72, 73, 75, 76, 78, 79, 81, 82, 84, 85, 87, 88, 89, 90, 93, 94, 95, 96, 97, 99, 101, 102, 104, 105, 107, 109, 110, 111, 112, 113, 116, 117, 118, 119, 120, 121, 122, 123, 124, 125, 126, 127, 128, 129, 130, 131, 132, 133, 134, 135, 136, 139, 140, 141, 142, 145, 147, 151, 153, 156, 157, 158, 159, 162, 163, 164, 165, 166, 167, 168, 169, 175, 176, 177, 178, 179, 180, 181, 182, 185, 186, 187, 188, 191, 199, 202, 203, 204, 205, 208, 209, 210, 211, 212, 213, 214, 215, 221, 222, 223, 224, 225, 226, 227, 228, 231, 232, 233, 234, 237, 239, 243, 245, 248, 249, 250, 251, 254, 255, 256, 257, 258, 259, 260, 261, 262, 263, 264, 265, 266, 267, 268, 269, 270, 271, 272, 273, 274, 277, 278, 279, 280, 281, 283, 285, 286, 288, 289, 291, 293, 294, 295, 296, 297, 300, 301, 302, 303, 305, 306, 308, 309, 311, 312, 314, 315, 317, 318, 319, 320, 323, 324, 325, 326, 327, 328, 329, 330, 331, 332, 333, 334, 335, 336, 337, 338, 339, 340, 341, 342, 343, 346, 347, 348, 349, 350, 351, 352, 353, 354, 355, 356, 357, 358, 359, 360, 361, 362, 363, 364, 365, 366

w : 0, 1, 2, 3, 4, 5, 6, 7, 8, 9, 10, 11, 12, 13, 14, 15, 16, 17, 18, 19, 20, 21, 22, 23, 45, 46, 68, 69, 91, 92, 98, 100, 103, 106, 108, 114, 115, 137, 138, 144, 146, 149, 152, 154, 160, 161, 183, 184, 190, 192, 198, 200, 206, 207, 229, 230, 236, 238, 241, 244, 246, 252, 253, 275, 276, 282, 284, 287, 290, 292, 298, 299, 321, 322, 344, 345, 367, 368, 369, 370, 371, 372, 373, 374, 375, 376, 377, 378, 379, 380, 381, 382, 383, 384, 385, 386, 387, 388, 389, 390

A : 80

c : 74, 77, 83, 86, 143, 155, 189, 201, 235, 247, 304, 307, 310, 313, 316

g : 195

