object : Index

A : 73

1 : 40, 41, 42, 43, 44

0 : 65

. : 23, 24, 25, 28, 29, 30, 34, 39, 46, 50, 51, 55, 56, 57, 66, 67, 68, 69, 71, 72, 77, 78, 82, 83, 84, 88, 93, 94, 95, 104, 105, 106

w : 0, 1, 2, 3, 4, 5, 6, 7, 8, 9, 10, 11, 12, 13, 14, 15, 16, 17, 26, 27, 31, 32, 33, 47, 48, 49, 58, 59, 60, 61, 62, 63, 74, 75, 76, 85, 86, 87, 96, 97, 98, 107, 108, 109, 110, 111, 112, 113, 114, 115, 116, 117, 118

b : 45

c : 18, 19, 20, 21, 22, 35, 36, 37, 38, 52, 53, 54, 70, 79, 80, 81, 89, 90, 91, 92, 99, 100, 101, 102, 103

g : 64

