object : Index

o : 74, 130, 145, 164

l : 83

t : 20

. : 29, 46, 119, 120, 121, 134, 135, 136, 137, 138, 150, 151, 152, 153, 154, 166, 167, 168, 169, 170

w : 0, 1, 2, 3, 4, 5, 6, 7, 8, 9, 10, 11, 12, 13, 14, 15, 16, 31, 32, 47, 48, 63, 64, 79, 80, 81, 82, 84, 85, 86, 87, 88, 89, 90, 91, 92, 93, 94, 95, 96, 102, 103, 104, 105, 106, 107, 108, 109, 110, 111, 112, 125, 126, 127, 128, 143, 144, 157, 158, 159, 160, 175, 176, 177, 178, 179, 180, 181, 182, 183, 184, 185, 186, 187, 188, 189, 190, 191, 192, 193, 194, 195, 196, 197, 198, 199, 200, 201, 202, 203, 204, 205, 206, 207

p : 25

A : 38

g : 142

k : 30

+ : 17, 18, 19, 21, 22, 23, 24, 26, 27, 28, 33, 34, 35, 36, 37, 39, 40, 41, 42, 43, 44, 45, 49, 50, 51, 52, 53, 54, 55, 56, 57, 58, 59, 60, 61, 62, 65, 66, 67, 68, 69, 70, 71, 72, 73, 75, 76, 77, 78, 97, 98, 99, 100, 101, 113, 114, 115, 116, 117, 118, 122, 123, 124, 129, 131, 132, 133, 139, 140, 141, 146, 147, 148, 149, 155, 156, 161, 162, 163, 165, 171, 172, 173, 174

