object : Index

g : 186, 188

2 : 50, 54

4 : 141, 143

w : 0, 1, 2, 3, 4, 5, 6, 7, 8, 9, 10, 11, 12, 13, 14, 15, 16, 17, 21, 22, 23, 27, 28, 29, 30, 31, 32, 36, 38, 42, 43, 44, 45, 46, 47, 48, 49, 51, 53, 55, 56, 57, 58, 59, 60, 74, 75, 79, 85, 89, 90, 91, 92, 93, 94, 100, 101, 102, 103, 104, 105, 109, 115, 119, 120, 134, 135, 136, 137, 138, 139, 140, 142, 144, 145, 146, 147, 148, 149, 150, 151, 152, 153, 154, 157, 160, 161, 162, 163, 164, 165, 166, 167, 168, 169, 172, 175, 176, 177, 178, 179, 180, 181, 182, 183, 184, 187, 190, 191, 192, 193, 194, 195, 196, 197, 198, 199, 200, 201, 202, 203, 204, 205, 206, 207, 208, 209

A : 97

1 : 70, 124

- : 52

e : 37

r : 84, 114

. : 18, 19, 20, 24, 25, 26, 33, 35, 39, 41, 61, 63, 65, 66, 67, 68, 69, 71, 73, 76, 78, 81, 82, 83, 86, 88, 96, 98, 106, 108, 111, 112, 113, 116, 118, 121, 122, 123, 125, 126, 128, 129, 131, 132, 133, 155, 156, 158, 159, 170, 174, 185, 189

b : 80, 110

3 : 64, 130

c : 34, 40, 77, 87, 95, 99, 107, 117, 127, 171, 173

y : 62, 72

