object : Index

A : 205

1 : 51

x : 126

r : 19, 20, 21, 22, 23, 35

. : 17, 24, 25, 26, 27, 28, 29, 30, 33, 46, 49, 52, 53, 54, 55, 56, 57, 58, 59, 60, 62, 65, 69, 73, 78, 81, 85, 94, 97, 105, 110, 113, 114, 115, 116, 117, 118, 119, 120, 121, 122, 123, 124, 129, 135, 140, 145, 151, 156, 161, 162, 163, 164, 165, 166, 167, 172, 177, 183, 188, 193, 194, 195, 196, 197, 198, 199, 200, 201, 202, 203, 204

w : 0, 1, 2, 3, 4, 5, 6, 7, 8, 9, 10, 11, 12, 13, 14, 15, 16, 18, 31, 32, 34, 36, 37, 38, 39, 40, 41, 42, 43, 44, 45, 47, 48, 50, 61, 63, 64, 66, 67, 68, 70, 71, 72, 74, 75, 77, 79, 80, 82, 83, 84, 86, 87, 88, 90, 91, 93, 95, 96, 98, 99, 100, 101, 102, 103, 104, 106, 107, 109, 111, 112, 127, 128, 130, 131, 132, 134, 136, 137, 138, 139, 141, 142, 143, 144, 146, 147, 148, 149, 150, 152, 153, 154, 155, 157, 158, 159, 160, 168, 169, 170, 171, 173, 174, 175, 176, 178, 179, 180, 181, 182, 184, 185, 186, 187, 189, 190, 191, 192, 207, 208, 209, 210, 211, 212, 213, 214, 215, 216, 217, 218, 219, 220, 221, 222, 223

b : 76, 92, 108

2 : 133

t : 89, 125, 206

