object : Index

g : 57

A : 69

c : 51, 61, 122, 137, 154, 197, 209, 218, 236

. : 25, 26, 27, 28, 29, 30, 32, 33, 34, 35, 36, 37, 38, 39, 40, 41, 42, 43, 44, 45, 46, 49, 50, 52, 53, 54, 55, 56, 58, 59, 60, 62, 63, 64, 65, 67, 68, 70, 73, 74, 75, 76, 77, 78, 79, 80, 81, 82, 83, 84, 85, 86, 87, 88, 89, 90, 91, 92, 93, 94, 97, 98, 100, 101, 102, 103, 104, 105, 106, 107, 108, 109, 110, 112, 113, 114, 115, 116, 117, 118, 121, 123, 124, 125, 126, 128, 129, 130, 131, 132, 133, 134, 135, 136, 138, 139, 140, 141, 142, 145, 146, 147, 148, 149, 150, 151, 152, 153, 156, 157, 158, 159, 160, 161, 162, 163, 164, 165, 166, 169, 170, 171, 172, 174, 175, 176, 177, 178, 179, 180, 181, 182, 183, 184, 185, 186, 187, 188, 189, 190, 193, 194, 195, 196, 198, 199, 200, 201, 202, 203, 204, 206, 207, 208, 210, 211, 212, 213, 214, 217, 219, 220, 221, 222, 223, 224, 225, 226, 227, 228, 229, 230, 231, 232, 233, 234, 235, 237, 238

w : 0, 1, 2, 3, 4, 5, 6, 7, 8, 9, 10, 11, 12, 13, 14, 15, 16, 17, 18, 19, 20, 21, 22, 23, 24, 31, 47, 48, 66, 71, 72, 95, 96, 99, 111, 119, 120, 127, 143, 144, 155, 167, 168, 173, 191, 192, 205, 215, 216, 239, 240, 241, 242, 243, 244, 245, 246, 247, 248, 249, 250, 251, 252, 253, 254, 255, 256, 257, 258, 259, 260, 261, 262, 263

