object : Index

d : 52, 116, 186, 197

b : 223

1 : 41

0 : 26

. : 18, 19, 21, 22, 23, 24, 25, 33, 34, 35, 36, 37, 38, 39, 40, 61, 62, 63, 64, 66, 67, 68, 69, 70, 71, 72, 73, 76, 77, 78, 79, 80, 81, 82, 83, 84, 85, 86, 87, 88, 91, 92, 93, 94, 95, 96, 97, 98, 99, 100, 102, 103, 121, 122, 123, 124, 125, 127, 128, 129, 130, 131, 132, 133, 136, 137, 139, 140, 142, 143, 145, 146, 147, 148, 151, 152, 153, 154, 155, 157, 158, 159, 160, 161, 162, 163, 166, 168, 169, 170, 172, 173, 175, 176, 177, 178, 181, 182, 183, 184, 185, 187, 188, 189, 190, 191, 192, 193, 211, 212, 213, 214, 215, 216, 217, 218, 219, 220, 221, 222

w : 0, 1, 2, 3, 4, 5, 6, 7, 8, 9, 10, 11, 12, 13, 14, 15, 16, 17, 27, 28, 29, 30, 31, 32, 42, 43, 44, 45, 46, 47, 48, 49, 50, 51, 53, 54, 55, 56, 57, 58, 59, 60, 74, 75, 89, 90, 104, 105, 106, 107, 108, 109, 110, 111, 112, 113, 114, 115, 117, 118, 119, 120, 126, 134, 135, 141, 149, 150, 156, 164, 165, 171, 179, 180, 194, 195, 196, 198, 199, 200, 201, 202, 203, 204, 205, 206, 207, 208, 209, 210, 224, 225, 226, 227, 228, 229, 230, 231, 232, 233, 234, 235, 236, 237, 238, 239

A : 20

r : 138, 167

g : 65, 101

y : 144, 174

