object : Index

1 : 404

0 : 29, 54, 813, 838

. : 30, 31, 32, 33, 34, 35, 36, 37, 38, 39, 40, 41, 42, 43, 44, 45, 46, 47, 48, 49, 50, 51, 52, 53, 57, 60, 64, 75, 79, 82, 85, 86, 87, 88, 92, 103, 107, 108, 109, 110, 113, 116, 120, 121, 122, 123, 124, 125, 126, 127, 128, 129, 130, 131, 135, 138, 141, 144, 152, 155, 163, 166, 169, 180, 183, 194, 197, 200, 208, 211, 219, 222, 225, 228, 229, 230, 231, 232, 233, 234, 235, 236, 237, 238, 239, 240, 241, 242, 243, 244, 245, 246, 247, 250, 253, 256, 261, 270, 275, 278, 281, 284, 289, 298, 303, 306, 309, 312, 331, 334, 337, 340, 359, 362, 365, 368, 387, 390, 421, 424, 443, 446, 449, 452, 471, 474, 477, 480, 485, 494, 499, 502, 505, 508, 513, 522, 527, 530, 533, 536, 537, 538, 539, 540, 541, 542, 543, 544, 545, 546, 547, 548, 549, 550, 551, 552, 553, 554, 555, 558, 561, 564, 572, 575, 583, 586, 589, 592, 600, 603, 611, 614, 617, 620, 621, 622, 623, 624, 625, 626, 627, 628, 629, 630, 631, 632, 633, 634, 635, 636, 637, 638, 639, 642, 645, 648, 656, 659, 667, 670, 673, 684, 687, 698, 701, 704, 712, 715, 723, 726, 729, 732, 736, 737, 738, 739, 740, 742, 743, 744, 745, 746, 747, 751, 754, 757, 758, 759, 760, 764, 775, 779, 780, 781, 782, 785, 788, 792, 803, 807, 810, 814, 815, 816, 817, 818, 819, 820, 821, 822, 823, 824, 825, 826, 827, 828, 829, 830, 831, 832, 833, 834, 835, 836, 837

w : 0, 1, 2, 3, 4, 5, 6, 7, 8, 9, 10, 11, 12, 13, 14, 15, 16, 17, 18, 19, 20, 21, 22, 23, 24, 25, 26, 27, 28, 55, 56, 58, 59, 61, 62, 63, 65, 66, 67, 68, 69, 70, 71, 72, 73, 74, 76, 77, 78, 80, 81, 83, 84, 89, 90, 91, 93, 94, 95, 96, 97, 98, 99, 100, 101, 102, 104, 105, 106, 111, 112, 114, 115, 117, 118, 119, 132, 133, 134, 136, 137, 139, 140, 142, 143, 145, 146, 147, 148, 149, 150, 151, 153, 154, 156, 157, 158, 159, 160, 161, 162, 164, 165, 167, 168, 170, 171, 173, 174, 175, 176, 177, 178, 179, 181, 182, 184, 185, 186, 187, 188, 189, 190, 192, 193, 195, 196, 198, 199, 201, 202, 203, 204, 205, 206, 207, 209, 210, 212, 213, 214, 215, 216, 217, 218, 220, 221, 223, 224, 226, 227, 248, 249, 251, 252, 254, 255, 257, 258, 259, 260, 262, 263, 264, 265, 266, 267, 268, 269, 271, 272, 273, 274, 276, 277, 279, 280, 282, 283, 285, 286, 287, 288, 290, 291, 292, 293, 294, 295, 296, 297, 299, 300, 301, 302, 304, 305, 307, 308, 310, 311, 313, 314, 315, 316, 327, 328, 329, 330, 332, 333, 335, 336, 338, 339, 341, 342, 343, 344, 355, 356, 357, 358, 360, 361, 363, 364, 366, 367, 369, 370, 371, 372, 374, 375, 376, 379, 380, 381, 383, 384, 385, 386, 388, 389, 391, 402, 403, 408, 409, 420, 422, 423, 425, 426, 427, 428, 430, 431, 432, 433, 434, 435, 436, 437, 439, 440, 441, 442, 444, 445, 447, 448, 450, 451, 453, 454, 455, 456, 467, 468, 469, 470, 472, 473, 475, 476, 478, 479, 481, 482, 483, 484, 486, 487, 488, 489, 490, 491, 492, 493, 495, 496, 497, 498, 500, 501, 503, 504, 506, 507, 509, 510, 511, 512, 514, 515, 516, 517, 518, 519, 520, 521, 523, 524, 525, 526, 528, 529, 531, 532, 534, 535, 556, 557, 559, 560, 562, 563, 565, 566, 567, 568, 569, 570, 571, 573, 574, 576, 577, 578, 579, 580, 581, 582, 584, 585, 587, 588, 590, 591, 593, 594, 595, 596, 597, 598, 599, 601, 602, 604, 605, 606, 607, 608, 609, 610, 612, 613, 615, 616, 618, 619, 640, 641, 643, 644, 646, 647, 649, 650, 651, 652, 653, 654, 655, 657, 658, 660, 661, 662, 663, 664, 665, 666, 668, 669, 671, 672, 674, 675, 677, 678, 679, 680, 681, 682, 683, 685, 686, 688, 689, 690, 691, 692, 693, 694, 696, 697, 699, 700, 702, 703, 705, 706, 707, 708, 709, 710, 711, 713, 714, 716, 717, 718, 719, 720, 721, 722, 724, 725, 727, 728, 730, 731, 733, 734, 735, 748, 749, 750, 752, 753, 755, 756, 761, 762, 763, 765, 766, 767, 768, 769, 770, 771, 772, 773, 774, 776, 777, 778, 783, 784, 786, 787, 789, 790, 791, 793, 794, 795, 796, 797, 798, 799, 800, 801, 802, 804, 805, 806, 808, 809, 811, 812, 839, 840, 841, 842, 843, 844, 845, 846, 847, 848, 849, 850, 851, 852, 853, 854, 855, 856, 857, 858, 859, 860, 861, 862, 863, 864, 865, 866, 867

f : 172, 191, 676, 695

A : 741

3 : 406

+ : 317, 318, 319, 320, 321, 322, 323, 324, 325, 326, 345, 346, 347, 348, 349, 350, 351, 352, 353, 354, 373, 377, 378, 382, 392, 393, 394, 395, 396, 397, 398, 399, 400, 401, 410, 411, 412, 413, 414, 415, 416, 417, 418, 419, 429, 438, 457, 458, 459, 460, 461, 462, 463, 464, 465, 466

2 : 405

4 : 407

