object : Index

s : 20

1 : 25, 79, 174

0 : 28, 29, 30, 40, 41, 42, 43, 44, 45, 46, 47, 48, 49, 50, 51, 52, 53, 54, 65, 66, 67, 68, 82, 83, 84, 85, 86, 87, 88, 89, 90, 91, 100, 101, 102, 103, 104, 105, 106, 116, 117, 118, 119, 120, 121, 122, 123, 124, 125, 126, 127, 128, 129, 130, 137, 138, 139, 140, 141, 142, 143, 144, 145, 146, 147, 148

. : 33, 70, 149, 157, 164, 165, 166, 167, 168

w : 0, 1, 2, 3, 4, 5, 6, 7, 8, 9, 10, 11, 12, 13, 14, 15, 16, 17, 18, 19, 37, 38, 56, 57, 75, 76, 94, 95, 113, 114, 132, 133, 151, 152, 170, 171, 178, 189, 190, 191, 192, 193, 194, 195, 196, 197, 198, 199, 200, 201, 202, 203, 204, 205, 206, 207, 208

A : 96

g : 188

+ : 21, 22, 23, 24, 26, 27, 31, 32, 34, 35, 36, 39, 55, 58, 59, 60, 61, 62, 63, 64, 69, 71, 72, 73, 74, 77, 78, 80, 81, 92, 93, 97, 98, 99, 107, 108, 109, 110, 111, 112, 115, 131, 134, 135, 136, 150, 153, 154, 155, 156, 158, 159, 160, 161, 162, 163, 169, 172, 173, 175, 176, 177, 179, 180, 181, 182, 183, 184, 185, 186, 187

