object : Index

1 : 17, 18, 22, 23, 28, 29, 30, 34, 35, 36, 45, 48, 50, 54, 68, 72, 73, 74, 75, 76, 79, 84, 86, 93, 95, 96, 98

x : 14

h : 16, 32, 41, 49, 67, 89

. : 15, 19, 20, 21, 24, 27, 31, 33, 37, 40, 42, 43, 44, 46, 47, 53, 55, 56, 58, 66, 69, 71, 80, 83, 85, 87, 88, 92, 97, 99, 100, 101

w : 0, 1, 2, 3, 4, 5, 6, 7, 8, 9, 10, 11, 12, 13, 25, 26, 38, 39, 51, 52, 57, 59, 60, 61, 62, 63, 64, 65, 70, 77, 78, 81, 82, 90, 91, 94, 103, 104, 105, 106, 107, 108, 109, 110, 111, 112, 113, 114, 115, 116

A : 102

