object : Index

2 : 58, 62, 82, 88, 92, 99, 103, 109, 113, 115, 117, 121, 123, 129, 156, 174

4 : 32, 50, 57, 68, 79, 87, 104, 134, 153, 158, 170

w : 0, 1, 2, 3, 4, 5, 6, 7, 8, 9, 10, 11, 12, 13, 14, 15, 16, 17, 18, 27, 35, 36, 45, 53, 54, 71, 72, 81, 89, 90, 107, 108, 114, 125, 126, 137, 143, 144, 161, 162, 171, 179, 180, 181, 182, 183, 184, 185, 186, 187, 188, 189, 190, 191, 192, 193, 194, 195, 196, 197

1 : 59, 60, 85, 86, 98, 111, 112, 119, 149

d : 127, 152, 159

A : 20

x : 124

h : 39, 47, 95, 120, 132, 165

. : 19, 21, 22, 23, 25, 26, 29, 30, 31, 33, 34, 37, 40, 41, 42, 44, 46, 48, 49, 51, 52, 55, 56, 61, 63, 64, 65, 66, 73, 74, 75, 77, 78, 80, 83, 84, 91, 93, 94, 96, 97, 100, 101, 102, 105, 106, 110, 118, 122, 128, 130, 131, 133, 135, 136, 138, 139, 141, 142, 146, 147, 148, 151, 154, 155, 157, 160, 163, 166, 167, 168, 169, 172, 173, 175, 176, 177, 178

b : 28, 76, 140

a : 67, 116, 164

3 : 24, 43, 69, 70, 145, 150

c : 38

