object : Index

A : 86

0 : 33, 44, 76, 80, 139, 150, 225

. : 28, 29, 30, 31, 34, 35, 38, 39, 40, 41, 42, 43, 49, 50, 51, 52, 53, 55, 57, 58, 59, 60, 61, 62, 63, 66, 67, 68, 69, 73, 74, 75, 77, 78, 79, 81, 84, 85, 87, 91, 92, 93, 94, 97, 102, 108, 109, 110, 111, 114, 115, 116, 121, 122, 123, 124, 125, 126, 127, 128, 130, 131, 132, 133, 134, 135, 136, 137, 138, 140, 141, 146, 147, 148, 151, 152, 153, 154, 155, 158, 159, 160, 164, 165, 166, 170, 171, 172, 173, 176, 177, 178, 183, 184, 185, 186, 188, 189, 190, 195, 196, 197, 198, 199, 200, 201, 202, 203, 204, 205, 206, 207, 208, 210, 211, 212, 213, 214, 222, 223, 224, 226, 227, 234, 235, 236, 237

w : 0, 1, 2, 3, 4, 5, 6, 7, 8, 9, 10, 11, 12, 13, 14, 15, 16, 17, 18, 19, 20, 21, 22, 23, 24, 25, 26, 27, 32, 36, 37, 45, 46, 47, 48, 54, 56, 64, 65, 70, 71, 72, 82, 83, 88, 89, 90, 95, 96, 98, 99, 100, 101, 103, 104, 105, 106, 107, 112, 113, 117, 118, 119, 120, 129, 142, 143, 144, 145, 149, 156, 157, 161, 162, 163, 167, 168, 169, 174, 175, 179, 180, 181, 182, 187, 191, 192, 193, 194, 209, 215, 216, 217, 218, 219, 220, 221, 228, 229, 230, 231, 232, 233, 238, 239, 240, 241, 242, 243, 244, 245, 246, 247, 248, 249, 250, 251, 252, 253, 254, 255, 256, 257, 258, 259, 260, 261, 262, 263

