object : Index

s : 121

2 : 172

x : 0, 1, 2, 3, 4, 5, 6, 7, 8, 9, 20, 21, 22, 23, 24, 25, 26, 27, 28, 29, 30, 42, 43, 44, 45, 46, 47, 48, 49, 50, 54, 55, 63, 64, 65, 66, 67, 68, 69, 70, 75, 76, 77, 86, 87, 88, 89, 90, 91, 92, 108, 109, 110, 111, 112, 113, 114, 129, 130, 131, 132, 133, 134, 135, 136, 150, 151, 152, 153, 154, 155, 156, 157, 158, 173, 174, 175, 176, 177, 178, 179, 186, 187, 188, 194, 195, 196, 197, 198, 199, 200, 206, 207, 208, 209, 210, 217, 218, 219, 220, 221, 222, 223, 224, 227, 228, 229, 230, 231, 232, 238, 239, 240, 241, 242, 243, 244, 245, 248, 249, 250, 252, 253, 262, 263, 264, 265, 266, 267, 271, 272, 285, 286, 287, 288, 289, 293, 308, 309, 310, 330, 331, 332, 333, 334, 335, 344, 353, 354, 356, 357, 358, 359, 365, 366, 367, 373, 374, 375, 376, 377, 378, 379, 380, 395, 396, 397, 398, 399, 400, 401, 402, 403, 404, 418, 419, 420, 421, 422, 423, 424, 425, 426, 437, 438, 439, 440, 441

. : 10, 11, 12, 13, 14, 15, 16, 17, 18, 19, 31, 32, 33, 34, 35, 38, 39, 40, 41, 51, 52, 53, 56, 57, 58, 59, 61, 62, 71, 72, 73, 74, 78, 79, 80, 81, 82, 83, 84, 85, 93, 94, 95, 96, 97, 98, 99, 100, 101, 102, 103, 104, 105, 106, 107, 115, 116, 117, 118, 119, 120, 122, 123, 124, 126, 127, 128, 137, 140, 141, 142, 143, 144, 145, 146, 147, 148, 149, 159, 160, 161, 162, 163, 164, 165, 166, 167, 168, 169, 170, 171, 180, 181, 182, 183, 184, 185, 189, 190, 191, 192, 193, 201, 202, 203, 205, 211, 212, 213, 214, 215, 216, 225, 226, 233, 234, 235, 236, 237, 246, 247, 254, 255, 256, 258, 260, 261, 268, 269, 270, 273, 274, 275, 276, 277, 278, 279, 280, 281, 282, 283, 284, 290, 291, 292, 294, 295, 297, 298, 299, 300, 301, 302, 303, 304, 306, 307, 311, 312, 313, 314, 315, 316, 317, 318, 319, 321, 322, 323, 324, 325, 327, 328, 329, 336, 337, 338, 339, 340, 341, 342, 343, 345, 346, 347, 348, 349, 350, 351, 352, 355, 360, 361, 362, 363, 364, 368, 369, 370, 371, 372, 382, 383, 385, 386, 387, 388, 389, 390, 391, 392, 393, 394, 405, 406, 407, 408, 409, 411, 412, 413, 414, 415, 416, 417, 427, 428, 429, 430, 431, 432, 433, 434, 435, 436

w : 36, 37, 60, 125, 138, 139, 204, 257, 259, 296, 305, 320, 326, 384

A : 410

3 : 251

1 : 381

