object : Index

5 : 178

1 : 295

t : 60, 61, 62, 63, 64, 65, 66, 67, 72, 74, 75, 76, 101, 118, 119, 121, 122, 123, 130, 134, 135, 136, 137, 138, 139, 140, 141, 142, 152, 181, 192, 193, 196, 197, 198, 235, 242, 251, 264, 270, 274, 275, 276, 279, 281, 282, 283, 284, 285, 293, 299, 303, 305, 308, 322, 328, 332, 334, 337, 351

6 : 227

. : 30, 31, 32, 34, 35, 36, 38, 39, 40, 41, 42, 43, 44, 45, 46, 47, 48, 49, 50, 51, 52, 53, 55, 56, 59, 68, 69, 70, 71, 73, 77, 78, 79, 81, 82, 83, 84, 85, 88, 89, 90, 91, 92, 93, 94, 95, 96, 97, 98, 99, 100, 102, 103, 104, 105, 106, 107, 108, 109, 110, 111, 112, 113, 114, 120, 124, 125, 126, 127, 128, 129, 131, 132, 133, 143, 146, 147, 148, 149, 150, 151, 153, 154, 155, 156, 157, 158, 159, 160, 161, 162, 163, 164, 165, 166, 167, 168, 169, 170, 171, 172, 175, 176, 177, 179, 180, 182, 184, 185, 186, 188, 189, 190, 191, 194, 195, 199, 200, 201, 204, 205, 206, 207, 208, 209, 210, 211, 212, 213, 214, 215, 216, 217, 218, 219, 220, 221, 222, 223, 224, 225, 226, 228, 229, 230, 233, 234, 236, 237, 238, 239, 240, 241, 243, 244, 245, 246, 247, 248, 249, 250, 252, 253, 254, 255, 256, 257, 258, 259, 262, 263, 265, 266, 267, 268, 269, 271, 272, 273, 277, 278, 280, 286, 287, 288, 291, 292, 294, 296, 297, 298, 300, 301, 302, 304, 306, 307, 309, 311, 312, 313, 314, 315, 316, 317, 320, 321, 323, 324, 325, 326, 327, 329, 330, 331, 333, 335, 336, 338, 339, 340, 341, 343, 344, 345, 346, 349, 350, 352, 353, 355, 356, 357, 358, 359, 360, 361, 362, 363, 364, 365, 366, 367, 368, 369, 370, 371, 372, 373, 374, 375

w : 0, 1, 2, 3, 4, 5, 6, 7, 8, 9, 10, 11, 12, 13, 14, 15, 16, 17, 18, 19, 20, 21, 22, 23, 24, 25, 26, 27, 28, 29, 57, 58, 86, 87, 115, 116, 144, 145, 173, 174, 202, 203, 231, 232, 260, 261, 289, 290, 318, 319, 347, 348, 376, 377, 378, 379, 380, 381, 382, 383, 384, 385, 386, 387, 388, 389, 390, 391, 392, 393, 394, 395, 396, 397, 398, 399, 400, 401, 402, 403, 404, 405

A : 187

2 : 80

c : 37, 54, 117, 183, 310, 354

3 : 33

4 : 342

