object : Index

1 : 19, 23, 28, 29, 30, 31, 32, 36, 40, 41, 49, 56, 57, 58, 59, 60, 61, 62, 66, 67, 68, 69, 85, 86, 87, 88, 89, 92, 93, 94, 95, 96, 97, 98, 102, 126

0 : 20, 21, 22, 33, 34, 35, 42, 43, 44, 45, 46, 47, 48, 53, 54, 55, 99, 100, 101, 106, 107, 108, 109, 110, 111, 112, 113, 114, 115, 118, 119, 120, 121, 122, 123, 124, 125, 127

. : 15, 16, 17, 18, 27, 37, 50, 63, 70, 71, 72, 73, 74, 75, 76, 79, 80, 81, 82, 83, 84

w : 0, 1, 2, 3, 4, 5, 6, 7, 8, 9, 10, 11, 12, 13, 25, 26, 38, 39, 51, 52, 64, 65, 77, 78, 90, 91, 103, 104, 116, 117, 129, 130, 131, 132, 133, 134, 135, 136, 137, 138, 139, 140, 141, 142

k : 128

A : 14

g : 24

m : 105

