object : Index

A : 265

r : 184, 208

. : 25, 26, 27, 28, 29, 30, 31, 32, 33, 34, 35, 36, 37, 38, 39, 40, 41, 42, 43, 44, 45, 49, 65, 66, 67, 69, 73, 74, 75, 77, 78, 79, 80, 81, 82, 83, 84, 85, 86, 87, 88, 90, 92, 93, 97, 98, 100, 111, 113, 115, 116, 117, 118, 124, 125, 126, 127, 128, 129, 130, 131, 132, 133, 134, 137, 138, 139, 141, 142, 145, 146, 148, 149, 150, 151, 153, 155, 156, 157, 158, 162, 166, 169, 170, 172, 173, 174, 175, 176, 178, 179, 180, 181, 182, 185, 186, 187, 188, 189, 190, 196, 197, 198, 200, 201, 202, 203, 204, 205, 206, 209, 210, 211, 212, 213, 214, 217, 218, 220, 221, 222, 224, 225, 231, 232, 233, 235, 236, 237, 241, 242, 244, 245, 246, 247, 248, 249, 251, 252, 253, 254, 255, 256, 257, 258, 259, 260, 266, 268, 269, 270, 271, 272, 273, 275, 276, 277, 278, 279, 280, 281, 282, 283

w : 0, 1, 2, 3, 4, 5, 6, 7, 8, 9, 10, 11, 12, 13, 14, 15, 16, 17, 18, 19, 20, 21, 22, 23, 24, 47, 48, 50, 51, 52, 53, 54, 55, 56, 57, 58, 59, 60, 61, 62, 63, 64, 71, 72, 89, 95, 96, 99, 101, 102, 103, 104, 105, 106, 107, 108, 109, 110, 119, 120, 123, 135, 136, 140, 143, 144, 147, 159, 160, 161, 163, 164, 165, 167, 168, 171, 183, 191, 192, 195, 207, 215, 216, 219, 226, 239, 240, 243, 250, 263, 264, 267, 274, 287, 288, 289, 290, 291, 292, 293, 294, 295, 296, 297, 298, 299, 300, 301, 302, 303, 304, 305, 306, 307, 308, 309, 310, 311

b : 223

0 : 46, 70, 94, 114, 227, 228, 229, 230, 238, 261, 262, 284, 285

c : 68, 76, 91, 112, 121, 122, 152, 154, 177, 193, 194, 199, 234

g : 286

