object : Index

s : 180

1 : 109

0 : 22, 25, 27, 29, 30, 32, 34, 53, 71, 73, 92, 98, 100, 107, 119, 126, 127, 143, 157, 174, 177, 179, 187

. : 41, 42, 44, 45, 46, 47, 48, 49, 50, 51, 63, 64, 65, 66, 67, 68, 82, 83, 84, 85, 86, 103, 160, 161, 162, 163, 164, 167, 168, 169, 181, 182, 183, 184, 185, 186

w : 0, 1, 2, 3, 4, 5, 6, 7, 8, 9, 10, 11, 12, 13, 14, 15, 16, 17, 18, 19, 24, 37, 38, 43, 56, 57, 62, 75, 76, 81, 94, 95, 112, 113, 114, 131, 132, 133, 134, 135, 136, 137, 138, 150, 151, 152, 170, 171, 189, 190, 191, 192, 193, 194, 195, 196, 197, 198, 199, 200, 201, 202, 203, 204, 205, 206, 207, 208

A : 20

g : 188

+ : 21, 23, 26, 28, 31, 33, 35, 36, 39, 40, 52, 54, 55, 58, 59, 60, 61, 69, 70, 72, 74, 77, 78, 79, 80, 87, 88, 89, 90, 91, 93, 96, 97, 99, 101, 102, 104, 105, 106, 108, 110, 111, 115, 116, 117, 118, 120, 121, 122, 123, 124, 125, 128, 129, 130, 139, 140, 141, 142, 144, 145, 146, 147, 148, 149, 153, 154, 155, 156, 158, 159, 165, 166, 172, 173, 175, 176, 178

