object : Index

o : 42, 118, 119, 129, 130, 131, 132, 133, 134, 135, 136, 140, 141, 142, 145, 146, 147, 148, 149, 150, 151, 152, 156, 157, 158

l : 162

t : 37

. : 17, 18, 19, 20, 21, 22, 23, 24, 25, 28, 29, 30, 33, 34, 35, 36, 39, 40, 41, 44, 45, 46, 49, 50, 51, 52, 53, 55, 56, 57, 60, 61, 62, 66, 82, 98, 137, 138, 139, 153, 154, 155

w : 0, 1, 2, 3, 4, 5, 6, 7, 8, 9, 10, 11, 12, 13, 14, 15, 16, 31, 32, 47, 48, 63, 64, 79, 80, 83, 84, 85, 86, 87, 88, 89, 90, 91, 92, 93, 94, 95, 96, 99, 100, 101, 102, 103, 104, 105, 106, 107, 108, 109, 110, 111, 112, 127, 128, 143, 144, 159, 160, 175, 176, 177, 178, 179, 180, 181, 182, 183, 184, 185, 186, 187, 188, 189, 190, 191, 192, 193, 194, 195, 196, 197, 198, 199, 200, 201, 202, 203, 204, 205, 206, 207

p : 120

A : 74

g : 161

k : 126

+ : 26, 27, 38, 43, 54, 58, 59, 65, 67, 68, 69, 70, 71, 72, 73, 75, 76, 77, 78, 81, 97, 113, 114, 115, 116, 117, 121, 122, 123, 124, 125, 163, 164, 165, 166, 167, 168, 169, 170, 171, 172, 173, 174

