object : Index

A : 93

g : 81

. : 17, 18, 20, 21, 22, 24, 25, 26, 28, 29, 30, 33, 34, 35, 36, 37, 38, 40, 41, 42, 43, 44, 45, 46, 49, 50, 52, 53, 54, 56, 57, 58, 60, 61, 62, 65, 66, 68, 69, 70, 71, 72, 73, 74, 76, 77, 78, 82, 84, 85, 86, 88, 89, 90, 92, 94, 110, 114, 115, 116, 117, 118, 119, 120, 121, 122, 123, 124, 125, 126

w : 0, 1, 2, 3, 4, 5, 6, 7, 8, 9, 10, 11, 12, 13, 14, 15, 16, 19, 23, 27, 31, 32, 39, 47, 48, 51, 55, 59, 63, 64, 67, 75, 79, 80, 83, 87, 91, 95, 96, 97, 98, 99, 100, 101, 102, 103, 104, 105, 106, 107, 108, 109, 111, 112, 127, 128, 129, 130, 131, 132, 133, 134, 135, 136, 137, 138, 139, 140, 141, 142, 143

f : 113

