object : Index

_ : 20, 21, 22, 23, 24, 26, 27, 29, 30, 33, 34, 39, 40, 41, 42, 43, 52, 53, 59, 70, 72, 73, 74, 82, 92, 93, 98, 99, 101, 102, 107, 108, 109, 112, 117, 118, 119, 120, 121, 122, 123, 127, 138, 139, 145, 146, 147, 153, 157, 158, 161, 164, 165, 172, 174, 179, 181, 183, 184

. : 36, 55, 65, 66, 86, 115, 116, 131, 154, 160, 162, 173, 176, 177, 186, 187, 188

w : 0, 1, 2, 3, 4, 5, 6, 7, 8, 9, 10, 11, 12, 13, 14, 15, 16, 17, 18, 19, 25, 37, 38, 44, 45, 46, 47, 48, 49, 50, 56, 57, 75, 76, 94, 95, 113, 114, 132, 133, 151, 152, 170, 171, 189, 190, 191, 192, 193, 194, 195, 196, 197, 198, 199, 200, 201, 202, 203, 204, 205, 206, 207, 208

b : 31, 32, 35, 51, 54, 58, 60, 61, 62, 63, 64, 67, 68, 69, 71, 77, 78, 79, 80, 81, 83, 84, 85, 87, 88, 89, 90, 91, 96, 97, 100, 103, 104, 105, 106, 110, 111, 124, 125, 126, 128, 129, 130, 134, 135, 136, 137, 140, 141, 142, 143, 144, 148, 149, 150, 155, 156, 159, 163, 166, 167, 168, 169, 175, 178, 182, 185

g : 28

A : 180

