object : Index

e : 171

x : 59

h : 48, 49, 76, 120, 133, 142

. : 22, 23, 24, 25, 26, 27, 28, 29, 30, 31, 32, 33, 34, 35, 36, 37, 38, 39, 40, 43, 44, 45, 46, 50, 51, 52, 53, 58, 60, 61, 64, 65, 66, 71, 72, 73, 74, 79, 80, 81, 82, 85, 86, 87, 88, 92, 93, 94, 95, 100, 101, 102, 103, 106, 107, 108, 109, 112, 113, 114, 116, 117, 118, 121, 122, 123, 124, 127, 128, 129, 134, 135, 136, 137, 138, 139, 143, 144, 145, 148, 149, 150, 151, 155, 159, 164, 165, 166, 169, 170, 172, 173, 177, 178, 179, 180, 185, 186, 187, 190, 191, 192, 193, 194, 195, 196, 197, 198, 199, 200, 201, 202, 203, 204, 205, 206, 207, 208

w : 0, 1, 2, 3, 4, 5, 6, 7, 8, 9, 10, 11, 12, 13, 14, 15, 16, 17, 18, 19, 20, 21, 41, 42, 47, 54, 55, 56, 57, 62, 63, 67, 68, 69, 70, 75, 77, 78, 83, 84, 89, 90, 91, 96, 97, 98, 99, 104, 105, 110, 111, 119, 125, 126, 130, 131, 132, 140, 141, 146, 147, 152, 153, 154, 156, 157, 158, 160, 161, 162, 163, 167, 168, 174, 175, 176, 181, 182, 183, 184, 188, 189, 209, 210, 211, 212, 213, 214, 215, 216, 217, 218, 219, 220, 221, 222, 223, 224, 225, 226, 227, 228, 229, 230

A : 115

