object : Index

o : 35, 37, 43, 45, 49, 50, 79, 80, 81, 88, 124, 125, 137, 143, 153, 169, 174, 179, 186, 191, 198, 202, 220, 221, 224, 252, 255, 298, 303, 305, 307, 308, 310

b : 131, 277

e : 266

x : 27, 44, 111, 120, 122, 154, 163, 180, 188, 189, 201, 203, 204, 217, 222, 223, 243, 291, 292, 293, 306

. : 28, 29, 30, 31, 32, 33, 34, 36, 38, 39, 40, 41, 42, 46, 47, 48, 53, 54, 55, 56, 57, 58, 59, 60, 61, 62, 63, 64, 65, 66, 67, 68, 69, 70, 71, 72, 73, 74, 75, 76, 82, 83, 84, 85, 86, 87, 89, 90, 91, 92, 93, 94, 96, 97, 98, 99, 101, 102, 105, 106, 107, 108, 109, 110, 112, 113, 114, 115, 123, 127, 128, 133, 134, 135, 138, 139, 140, 141, 142, 144, 145, 146, 147, 148, 149, 150, 151, 159, 160, 161, 162, 164, 165, 166, 167, 170, 171, 172, 173, 175, 176, 177, 183, 184, 185, 187, 190, 192, 193, 194, 195, 196, 197, 199, 200, 205, 206, 212, 213, 214, 215, 216, 218, 219, 226, 227, 228, 229, 231, 232, 235, 236, 237, 238, 239, 240, 241, 242, 244, 245, 246, 247, 248, 249, 250, 251, 253, 254, 256, 257, 258, 264, 265, 267, 268, 269, 270, 271, 272, 273, 274, 275, 276, 283, 284, 287, 288, 289, 290, 294, 295, 296, 297, 299, 300, 301, 302, 304, 309

w : 0, 1, 2, 3, 4, 5, 6, 7, 8, 9, 10, 11, 12, 13, 14, 15, 16, 17, 18, 19, 20, 21, 22, 23, 24, 25, 26, 51, 52, 77, 78, 100, 103, 104, 116, 117, 118, 119, 126, 129, 130, 152, 155, 156, 178, 181, 182, 207, 208, 230, 233, 234, 259, 260, 285, 286, 311, 312, 313, 314, 315, 316, 317, 318, 319, 320, 321, 322, 323, 324, 325, 326, 327, 328, 329, 330, 331, 332, 333, 334, 335, 336, 337

- : 95, 121, 132, 157, 158, 210, 211, 225, 261, 262, 263, 278, 279, 280, 281, 282

c : 136, 209

A : 168

