object : Index

A : 233

g : 34

. : 32, 33, 36, 37, 38, 39, 40, 41, 42, 43, 44, 45, 46, 47, 48, 49, 50, 51, 52, 53, 54, 55, 56, 57, 58, 59, 60, 63, 64, 65, 67, 77, 94, 95, 96, 98, 99, 100, 101, 102, 103, 104, 105, 106, 108, 109, 110, 111, 112, 113, 114, 115, 116, 117, 118, 119, 120, 122, 125, 126, 127, 129, 130, 131, 132, 134, 135, 136, 137, 147, 148, 149, 150, 151, 152, 153, 156, 157, 160, 161, 162, 163, 164, 165, 166, 167, 168, 169, 170, 171, 172, 174, 175, 176, 178, 179, 180, 181, 182, 183, 184, 187, 188, 189, 190, 191, 192, 193, 194, 195, 196, 205, 206, 207, 209, 210, 211, 213, 214, 215, 218, 219, 220, 222, 223, 224, 226, 227, 228, 230, 232, 234, 236, 237, 238, 240, 241, 242, 243, 244, 245, 246, 249, 250, 251, 252, 253, 254, 255, 257, 258, 259, 260, 261, 262, 263, 264, 265, 267, 268, 269, 270, 271, 272, 273, 274, 275, 276, 277, 280, 281, 282, 283, 284, 291, 292, 293, 294, 295, 296, 298, 299, 300, 307, 308, 311, 312, 313, 314, 315, 316, 317, 318, 319, 321, 322, 323, 324, 325, 326, 327, 328, 329, 330, 331, 332, 333, 334, 336, 337, 338, 339, 342, 343, 344, 345, 346, 347, 348, 349, 350, 367, 368, 369, 370, 373, 374, 375, 380, 381, 382, 383, 384, 385, 386, 387, 388, 389, 390, 391, 392, 393, 394, 395, 396, 398, 399, 400, 401, 405, 406, 407, 408, 409, 410, 411, 412, 413, 414, 415, 416, 417, 418, 419, 420, 421, 422, 423, 424, 425, 426, 427, 428, 429, 430, 431, 432

w : 0, 1, 2, 3, 4, 5, 6, 7, 8, 9, 10, 11, 12, 13, 14, 15, 16, 17, 18, 19, 20, 21, 22, 23, 24, 25, 26, 27, 28, 29, 30, 31, 35, 61, 62, 66, 68, 69, 70, 71, 72, 73, 74, 75, 76, 78, 79, 80, 81, 82, 83, 84, 85, 86, 87, 88, 89, 90, 91, 92, 93, 97, 107, 123, 124, 128, 138, 139, 140, 141, 142, 143, 144, 145, 146, 154, 155, 158, 159, 177, 185, 186, 197, 198, 199, 200, 201, 202, 203, 204, 208, 216, 217, 225, 231, 235, 239, 247, 248, 256, 266, 278, 279, 285, 286, 287, 288, 289, 290, 297, 301, 302, 303, 304, 305, 306, 309, 310, 320, 335, 340, 341, 351, 352, 353, 354, 355, 356, 357, 358, 359, 360, 361, 362, 363, 364, 365, 366, 371, 372, 376, 377, 378, 379, 397, 402, 403, 433, 434, 435, 436, 437, 438, 439, 440, 441, 442, 443, 444, 445, 446, 447, 448, 449, 450, 451, 452, 453, 454, 455, 456, 457, 458, 459, 460, 461, 462, 463, 464

t : 121, 133, 173, 212, 221, 229, 404

