object : Index

1 : 45, 89, 225, 353

w : 0, 1, 2, 3, 4, 5, 6, 7, 8, 9, 10, 11, 12, 13, 14, 15, 16, 17, 18, 19, 20, 21, 22, 36, 43, 44, 58, 59, 60, 62, 63, 64, 65, 66, 67, 68, 69, 70, 72, 73, 74, 75, 87, 88, 109, 110, 111, 112, 113, 114, 115, 116, 117, 118, 119, 120, 121, 123, 125, 127, 128, 129, 130, 131, 132, 134, 135, 137, 143, 145, 149, 150, 151, 153, 154, 157, 159, 160, 161, 165, 167, 168, 169, 170, 171, 173, 175, 176, 183, 186, 187, 189, 197, 198, 202, 219, 220, 224, 241, 242, 246, 263, 264, 265, 266, 267, 268, 269, 270, 271, 272, 273, 275, 276, 277, 278, 279, 280, 281, 282, 283, 284, 285, 286, 294, 295, 297, 307, 308, 312, 313, 314, 315, 316, 319, 329, 330, 337, 338, 339, 341, 351, 352, 363, 364, 365, 366, 367, 368, 369, 370, 372, 373, 374, 375, 376, 377, 378, 379, 380, 395, 396, 417, 418, 424, 439, 440, 441, 442, 443, 444, 445, 446, 447, 448, 449, 450, 451, 452, 453, 454, 455, 456, 457, 458, 459, 460, 461

k : 293

l : 218

g : 23, 24, 37, 140, 152, 206, 243, 320, 321, 381, 383, 430

m : 166, 274

2 : 86, 262

u : 99

d : 156, 382

x : 42

. : 25, 26, 27, 28, 29, 30, 31, 32, 33, 34, 35, 38, 39, 40, 41, 46, 47, 48, 49, 50, 51, 52, 53, 54, 55, 56, 57, 61, 71, 76, 77, 78, 79, 80, 81, 82, 83, 84, 85, 90, 91, 92, 93, 94, 95, 96, 97, 98, 100, 101, 102, 103, 104, 105, 106, 107, 108, 122, 124, 126, 133, 136, 138, 139, 141, 142, 144, 146, 147, 148, 155, 158, 162, 163, 164, 172, 174, 177, 178, 179, 180, 181, 182, 184, 185, 188, 190, 191, 192, 193, 194, 195, 196, 199, 200, 201, 203, 204, 205, 207, 208, 209, 210, 211, 212, 213, 215, 216, 217, 221, 222, 223, 226, 227, 228, 229, 230, 231, 233, 234, 235, 236, 237, 238, 239, 240, 244, 245, 247, 248, 249, 250, 251, 252, 253, 254, 255, 256, 257, 258, 259, 260, 261, 287, 288, 289, 290, 291, 292, 296, 298, 299, 300, 301, 302, 303, 304, 305, 306, 309, 310, 311, 317, 318, 322, 323, 325, 327, 328, 331, 332, 333, 334, 335, 336, 340, 342, 343, 344, 345, 346, 347, 348, 349, 350, 354, 355, 356, 357, 358, 359, 360, 361, 362, 371, 384, 385, 386, 387, 388, 389, 390, 391, 392, 393, 394, 397, 398, 399, 400, 401, 402, 403, 404, 405, 407, 408, 409, 410, 411, 412, 413, 415, 416, 419, 420, 421, 422, 423, 425, 426, 427, 428, 429, 431, 432, 433, 434, 435, 436, 437, 438

f : 214, 232, 324, 326, 406

A : 414

