object : Index

A : 206

t : 34, 35, 36, 37, 113

x : 33

. : 29, 30, 39, 40, 41, 42, 43, 46, 49, 50, 51, 52, 53, 54, 55, 59, 60, 61, 62, 73, 78, 81, 82, 83, 89, 94, 99, 100, 101, 102, 103, 104, 105, 106, 107, 110, 115, 121, 123, 124, 125, 126, 129, 137, 142, 145, 149, 150, 151, 152, 153, 158, 161, 165, 174, 177, 181, 185, 193, 194, 195, 196, 197, 198, 199, 200, 201, 202, 203, 204, 205

w : 0, 1, 2, 3, 4, 5, 6, 7, 8, 9, 10, 11, 12, 13, 14, 15, 16, 17, 18, 19, 20, 21, 22, 23, 24, 25, 26, 27, 28, 31, 32, 38, 44, 45, 47, 48, 56, 57, 58, 63, 64, 65, 66, 67, 68, 69, 70, 71, 72, 74, 75, 76, 77, 79, 80, 84, 85, 86, 87, 88, 90, 91, 92, 93, 95, 96, 97, 98, 108, 109, 111, 112, 114, 116, 117, 118, 119, 120, 122, 127, 128, 130, 131, 132, 133, 134, 135, 136, 138, 139, 140, 141, 143, 144, 146, 147, 148, 154, 155, 156, 157, 159, 160, 162, 163, 164, 166, 167, 168, 169, 170, 171, 172, 173, 175, 176, 178, 179, 180, 182, 183, 184, 186, 187, 188, 189, 190, 191, 192, 207, 208, 209, 210, 211, 212, 213, 214, 215, 216, 217, 218, 219, 220, 221, 222, 223

