object : Index

s : 179

1 : 169

0 : 26, 39, 55, 68, 93, 97, 117, 124, 127, 129, 150, 153, 154, 155, 162, 167, 172, 173, 174, 184

. : 23, 32, 33, 42, 51, 52

w : 0, 1, 2, 3, 4, 5, 6, 7, 8, 9, 10, 11, 12, 13, 14, 15, 16, 17, 18, 19, 37, 38, 56, 57, 58, 59, 60, 61, 70, 71, 72, 73, 74, 75, 76, 82, 91, 94, 95, 101, 102, 103, 104, 105, 106, 107, 112, 113, 114, 132, 133, 134, 135, 136, 137, 143, 144, 145, 151, 152, 170, 171, 175, 187, 188, 189, 190, 191, 192, 193, 194, 195, 196, 197, 198, 199, 200, 201, 202, 203, 204, 205, 206, 207, 208

A : 20

g : 36

+ : 21, 22, 24, 25, 27, 28, 29, 30, 31, 34, 35, 40, 41, 43, 44, 45, 46, 47, 48, 49, 50, 53, 54, 62, 63, 64, 65, 66, 67, 69, 77, 78, 79, 80, 81, 83, 84, 85, 86, 87, 88, 89, 90, 92, 96, 98, 99, 100, 108, 109, 110, 111, 115, 116, 118, 119, 120, 121, 122, 123, 125, 126, 128, 130, 131, 138, 139, 140, 141, 142, 146, 147, 148, 149, 156, 157, 158, 159, 160, 161, 163, 164, 165, 166, 168, 176, 177, 178, 180, 181, 182, 183, 185, 186

