object : Index

1 : 46, 67

3 : 73

. : 14, 15, 16, 17, 18, 19, 20, 21, 22, 23, 27, 28, 29, 30, 32, 33, 34, 35, 36, 37, 40, 42, 44, 45, 47, 48, 49, 50, 55, 56, 57, 58, 59, 60, 61, 62, 63, 68, 69, 71, 72, 74, 75, 76, 79, 80, 82, 83, 85, 87, 89, 92, 93, 94, 96, 97, 98, 99, 100, 101, 102

w : 0, 1, 2, 3, 4, 5, 6, 7, 8, 9, 10, 11, 12, 13, 25, 26, 31, 38, 39, 41, 43, 51, 52, 54, 64, 65, 66, 77, 78, 81, 84, 86, 88, 90, 91, 103, 104, 105, 106, 107, 108, 109, 110, 111, 112, 113, 114, 115, 116

A : 95

g : 24

+ : 53

2 : 70

