object : Index

A : 140

0 : 77, 79

. : 18, 19, 20, 21, 22, 23, 24, 25, 26, 27, 29, 30, 31, 32, 35, 36, 38, 39, 40, 41, 42, 43, 44, 46, 47, 48, 49, 52, 55, 56, 57, 58, 60, 61, 62, 63, 64, 66, 69, 70, 71, 72, 74, 75, 76, 78, 80, 81, 82, 83, 86, 87, 88, 89, 90, 91, 92, 93, 94, 96, 97, 98, 99, 100, 103, 104, 105, 107, 108, 110, 111, 112, 113, 114, 116, 117, 120, 121, 123, 124, 125, 127, 128, 130, 131, 132, 133, 134, 137, 138, 139, 141, 142, 144, 145, 146, 147, 148, 149, 150, 151

w : 0, 1, 2, 3, 4, 5, 6, 7, 8, 9, 10, 11, 12, 13, 14, 15, 16, 17, 28, 33, 34, 45, 50, 51, 67, 68, 84, 85, 101, 102, 109, 118, 119, 126, 135, 136, 143, 152, 153, 154, 155, 156, 157, 158, 159, 160, 161, 162, 163, 164, 165, 166, 167, 168, 169

b : 37, 73, 95

c : 54, 59, 106, 115

m : 65, 122

g : 53, 129

