object : Index

2 : 111

4 : 83, 139

w : 0, 1, 2, 3, 4, 5, 6, 7, 8, 9, 10, 11, 12, 13, 14, 15, 16, 17, 18, 19, 20, 21, 22, 23, 24, 25, 26, 27, 34, 36, 140, 141, 142, 146, 147, 151, 152, 153, 158, 159, 160, 163, 164, 165, 166, 167, 252, 279, 280, 281, 282, 283, 284, 285, 286, 287, 288, 289, 290, 291, 292, 293, 294, 295, 296, 297, 298, 299, 300, 301, 302, 303, 304, 305, 306, 307

g : 35

A : 260

x : 172, 174, 180, 181, 185, 188, 191, 226, 227, 233, 240, 241, 243, 246, 249, 250

0 : 56, 57, 58, 61, 62, 65, 66, 70, 73, 79, 81, 84, 85, 86, 87, 88, 93, 94, 95, 98, 99, 102, 107, 108, 112, 113, 114, 118, 119, 120, 124, 125, 126, 131, 134, 138

. : 168, 169, 170, 171, 173, 175, 176, 177, 178, 179, 182, 183, 184, 186, 187, 189, 190, 192, 193, 194, 195, 196, 197, 200, 201, 204, 205, 208, 209, 212, 214, 215, 216, 219, 221, 222, 223, 224, 225, 228, 229, 230, 231, 232, 234, 235, 236, 237, 238, 239, 242, 244, 245, 247, 248, 251

- : 198, 199, 202, 203, 206, 207, 210, 211, 213, 217, 218, 220

= : 59, 60, 63, 64, 67, 68, 69, 71, 72, 74, 75, 76, 77, 78, 80, 82, 89, 90, 91, 92, 96, 97, 100, 101, 103, 104, 105, 106, 109, 115, 116, 117, 121, 122, 123, 127, 128, 129, 130, 132, 133, 135, 136, 137

+ : 28, 29, 30, 31, 32, 33, 37, 38, 39, 40, 41, 42, 43, 44, 45, 46, 47, 48, 49, 50, 51, 52, 53, 54, 55, 143, 144, 145, 148, 149, 150, 154, 155, 156, 157, 161, 162, 253, 254, 255, 256, 257, 258, 259, 261, 262, 263, 264, 265, 266, 267, 268, 269, 270, 271, 272, 273, 274, 275, 276, 277, 278

3 : 110

