object : Index

A : 76

0 : 19, 35

. : 20, 21, 24, 25, 26, 29, 32, 36, 37, 39, 40, 41, 42, 43, 44, 45, 46, 47, 48, 49, 52, 53, 55, 56, 57, 59, 60, 62, 63, 64, 66, 70, 71, 72, 73, 75, 78, 80, 81, 82, 86, 88, 89, 90, 92, 93, 95, 96, 98, 99, 104, 106, 107, 108, 109, 111, 113, 115, 116, 117, 120, 122, 124, 125, 127, 129, 131, 132, 134, 140, 141, 143, 145, 146, 148, 149, 151

w : 0, 1, 2, 3, 4, 5, 6, 7, 8, 9, 10, 11, 12, 13, 14, 15, 16, 17, 33, 34, 50, 51, 67, 68, 84, 85, 101, 102, 118, 119, 135, 136, 152, 153, 154, 155, 156, 157, 158, 159, 160, 161, 162, 163, 164, 165, 166, 167, 168, 169

b : 22, 23, 27, 28, 30, 31, 38, 54, 58, 61, 65, 69, 74, 77, 79, 83, 87, 91, 94, 97, 100, 103, 105, 110, 112, 114, 121, 123, 126, 128, 130, 137, 138, 139, 142, 144, 147, 150

g : 18

c : 133

