object : Index

. : (1, 2), (1, 4), (1, 5), (1, 6), (1, 12), (1, 13), (1, 14), (2, 15), (2, 16), (3, 2), (3, 11), (4, 14), (4, 15), (6, 2), (6, 4), (6, 14), (9, 13), (9, 14), (9, 15), (9, 16)

+ : (1, 1), (1, 3), (1, 7), (1, 9), (1, 10), (1, 11), (1, 15), (1, 16), (1, 17), (2, 1), (2, 2), (2, 3), (2, 5), (2, 6), (2, 8), (2, 10), (2, 11), (2, 14), (2, 17), (3, 1), (3, 3), (3, 4), (3, 6), (3, 8), (3, 9), (3, 10), (3, 12), (3, 13), (3, 14), (3, 15), (3, 16), (3, 17), (4, 1), (4, 2), (4, 4), (4, 5), (4, 6), (4, 8), (4, 9), (4, 11), (4, 12), (4, 13), (4, 16), (4, 17), (5, 1), (5, 2), (5, 3), (5, 5), (5, 6), (5, 7), (5, 9), (5, 10), (5, 11), (5, 13), (5, 15), (5, 16), (5, 17), (6, 1), (6, 3), (6, 5), (6, 7), (6, 8), (6, 10), (6, 11), (6, 13), (6, 15), (6, 16), (6, 17), (7, 1), (7, 2), (7, 4), (7, 5), (7, 7), (7, 8), (7, 10), (7, 12), (7, 13), (7, 14), (7, 15), (7, 16), (7, 17), (8, 1), (8, 2), (8, 3), (8, 6), (8, 7), (8, 9), (8, 11), (8, 12), (8, 14), (8, 15), (8, 16), (8, 17), (9, 1), (9, 2), (9, 3), (9, 11), (9, 12)

w : (0, 0), (0, 1), (0, 2), (0, 3), (0, 4), (0, 5), (0, 6), (0, 7), (0, 8), (0, 9), (0, 10), (0, 11), (0, 12), (0, 13), (0, 14), (0, 15), (0, 16), (0, 17), (0, 18), (1, 0), (1, 8), (1, 18), (2, 0), (2, 7), (2, 9), (2, 18), (3, 0), (3, 7), (3, 18), (4, 0), (4, 7), (4, 10), (4, 18), (5, 0), (5, 4), (5, 8), (5, 18), (6, 0), (6, 9), (6, 12), (6, 18), (7, 0), (7, 11), (7, 18), (8, 0), (8, 8), (8, 18), (9, 0), (9, 18), (10, 0), (10, 1), (10, 2), (10, 3), (10, 4), (10, 5), (10, 6), (10, 7), (10, 8), (10, 9), (10, 10), (10, 11), (10, 12), (10, 13), (10, 14), (10, 15), (10, 16), (10, 17), (10, 18)

2 : (2, 13), (6, 6), (7, 6), (8, 13)

0 : (4, 3), (8, 4)

- : (2, 4), (3, 5), (5, 12), (5, 14), (7, 3), (7, 9), (9, 4), (9, 5), (9, 6), (9, 7), (9, 8), (9, 9), (9, 10)

1 : (2, 12), (8, 5), (8, 10)

A : (9, 17)

