object : Index

. : (1, 1), (1, 2), (1, 3), (1, 4), (1, 5), (1, 6), (1, 7), (1, 8), (2, 1), (2, 2), (2, 8), (2, 9), (3, 1), (3, 8), (3, 9), (4, 1), (4, 2), (4, 8), (5, 1), (5, 8), (6, 1), (6, 2), (6, 8), (6, 9)

1 : (5, 9)

w : (0, 0), (0, 1), (0, 2), (0, 3), (0, 4), (0, 5), (0, 6), (0, 7), (0, 8), (0, 9), (0, 10), (1, 0), (2, 0), (2, 10), (3, 0), (3, 10), (4, 0), (4, 10), (5, 0), (5, 10), (6, 0), (6, 10), (7, 0), (7, 2), (7, 3), (7, 4), (7, 5), (7, 6), (7, 7), (7, 8), (7, 9), (7, 10)

t : (4, 9)

b : (4, 4), (4, 6), (6, 3), (6, 4), (6, 5), (6, 6), (6, 7)

f : (2, 3), (2, 4), (2, 5), (2, 6), (2, 7), (4, 3), (4, 5), (4, 7)

k : (7, 1)

r : (3, 2), (5, 2)

A : (1, 9)

e : (1, 10)

o : (3, 3), (3, 4), (3, 5), (3, 6), (3, 7), (5, 3), (5, 4), (5, 5), (5, 6), (5, 7)

