object : Index

. : (1, 1), (1, 2), (1, 3), (1, 4), (1, 5), (1, 6), (1, 7), (1, 8), (1, 10), (1, 11), (1, 12), (1, 14), (1, 15), (1, 16), (1, 17), (1, 19), (1, 20), (1, 21), (1, 22), (1, 23), (1, 24), (1, 25), (2, 1), (2, 2), (2, 5), (2, 7), (2, 8), (2, 9), (2, 10), (2, 11), (2, 12), (2, 16), (2, 18), (2, 21), (2, 22), (2, 23), (2, 24), (2, 25), (3, 1), (3, 3), (3, 4), (3, 5), (3, 6), (3, 9), (3, 11), (3, 13), (3, 14), (3, 16), (3, 19), (3, 23), (3, 24), (3, 25), (4, 1), (4, 2), (4, 3), (4, 4), (4, 6), (4, 8), (4, 11), (4, 13), (4, 14), (4, 15), (4, 16), (4, 19), (4, 20), (4, 24), (4, 25), (5, 1), (5, 2), (5, 3), (5, 4), (5, 5), (5, 7), (5, 8), (5, 10), (5, 12), (5, 13), (5, 14), (5, 15), (5, 16), (5, 19), (5, 20), (5, 21), (5, 23), (5, 24), (5, 25), (6, 1), (6, 2), (6, 3), (6, 4), (6, 8), (6, 9), (6, 10), (6, 11), (6, 14), (6, 15), (6, 16), (6, 18), (6, 20), (6, 21), (6, 22), (6, 24), (6, 25), (7, 1), (7, 2), (7, 3), (7, 4), (7, 6), (7, 7), (7, 8), (7, 9), (7, 10), (7, 11), (7, 12), (7, 13), (7, 15), (7, 17), (7, 18), (7, 19), (7, 21), (7, 24), (7, 25), (8, 2), (8, 5), (8, 6), (8, 10), (8, 11), (8, 12), (8, 18), (8, 19), (8, 20), (8, 21), (8, 23), (8, 24), (8, 25), (9, 1), (9, 2), (9, 3), (9, 4), (9, 7), (9, 8), (9, 9), (9, 12), (9, 13), (9, 14), (9, 15), (9, 16), (9, 17), (9, 20), (9, 22), (9, 24), (9, 25), (10, 1), (10, 2), (10, 3), (10, 4), (10, 5), (10, 6), (10, 12), (10, 13), (10, 14), (10, 18), (10, 19), (10, 21), (10, 24), (10, 25), (11, 6), (11, 10), (11, 11), (11, 15), (11, 16), (11, 17), (11, 20), (11, 21), (11, 22), (11, 25), (13, 2), (13, 3), (13, 4), (13, 5), (13, 6), (13, 7), (13, 8), (13, 9), (13, 10), (13, 11), (13, 12), (13, 13), (13, 14), (13, 15), (13, 16), (13, 17), (13, 18), (13, 19), (13, 20), (13, 21), (13, 22), (13, 23), (13, 24)

1 : (2, 19), (5, 11), (8, 16), (11, 9)

w : (0, 0), (0, 1), (0, 2), (0, 3), (0, 4), (0, 5), (0, 6), (0, 7), (0, 8), (0, 9), (0, 10), (0, 11), (0, 12), (0, 13), (0, 14), (0, 15), (0, 16), (0, 17), (0, 18), (0, 19), (0, 20), (0, 21), (0, 22), (0, 23), (0, 24), (0, 25), (0, 26), (1, 0), (1, 9), (1, 13), (1, 18), (1, 26), (2, 0), (2, 3), (2, 4), (2, 6), (2, 13), (2, 14), (2, 15), (2, 17), (2, 20), (2, 26), (3, 0), (3, 2), (3, 7), (3, 8), (3, 12), (3, 15), (3, 17), (3, 18), (3, 20), (3, 21), (3, 22), (3, 26), (4, 0), (4, 5), (4, 7), (4, 9), (4, 10), (4, 12), (4, 17), (4, 18), (4, 22), (4, 23), (4, 26), (5, 0), (5, 6), (5, 9), (5, 17), (5, 18), (5, 22), (5, 26), (6, 0), (6, 5), (6, 6), (6, 7), (6, 12), (6, 13), (6, 17), (6, 19), (6, 23), (6, 26), (7, 0), (7, 5), (7, 14), (7, 16), (7, 20), (7, 22), (7, 23), (7, 26), (8, 0), (8, 1), (8, 3), (8, 4), (8, 7), (8, 8), (8, 9), (8, 13), (8, 14), (8, 15), (8, 22), (8, 26), (9, 0), (9, 5), (9, 6), (9, 10), (9, 11), (9, 18), (9, 19), (9, 21), (9, 23), (9, 26), (10, 0), (10, 7), (10, 8), (10, 9), (10, 10), (10, 11), (10, 15), (10, 16), (10, 17), (10, 20), (10, 22), (10, 23), (10, 26), (11, 0), (11, 1), (11, 2), (11, 3), (11, 4), (11, 5), (11, 7), (11, 12), (11, 13), (11, 14), (11, 18), (11, 19), (11, 23), (11, 24), (11, 26), (12, 0), (12, 1), (12, 2), (12, 3), (12, 4), (12, 5), (12, 6), (12, 7), (12, 8), (12, 9), (12, 10), (12, 11), (12, 12), (12, 13), (12, 14), (12, 15), (12, 16), (12, 17), (12, 18), (12, 19), (12, 20), (12, 21), (12, 22), (12, 23), (12, 24), (12, 25), (12, 26), (13, 0), (13, 26), (14, 0), (14, 1), (14, 2), (14, 3), (14, 4), (14, 5), (14, 6), (14, 7), (14, 8), (14, 9), (14, 10), (14, 11), (14, 12), (14, 13), (14, 14), (14, 15), (14, 16), (14, 17), (14, 18), (14, 19), (14, 20), (14, 21), (14, 22), (14, 23), (14, 24), (14, 25), (14, 26)

0 : (3, 10), (4, 21), (8, 17), (11, 8)

A : (13, 1)

e : (13, 25)

