object : Index

# : (3, 3), (3, 4), (4, 3), (4, 4)

. : (1, 1), (1, 2), (2, 2), (2, 3), (3, 1), (3, 2), (3, 6), (4, 1), (4, 6), (5, 1), (5, 2), (5, 3), (5, 5), (5, 6), (6, 2), (6, 4), (6, 5), (6, 6)

w : (0, 0), (0, 1), (0, 2), (0, 3), (0, 4), (0, 5), (0, 6), (0, 7), (1, 0), (1, 7), (2, 0), (2, 5), (2, 6), (2, 7), (3, 0), (3, 7), (4, 0), (4, 7), (5, 0), (5, 7), (6, 0), (6, 7), (7, 0), (7, 1), (7, 2), (7, 3), (7, 4), (7, 5), (7, 6), (7, 7)

c : (1, 3), (4, 2), (4, 5), (5, 4)

o : (1, 6)

x : (1, 4), (1, 5), (2, 1), (2, 4), (6, 1), (6, 3)

A : (3, 5)

