object : Index

t : (1, 4)

o : (1, 1), (1, 9), (2, 9), (3, 9), (4, 9), (5, 3), (5, 4)

b : (6, 3), (6, 4)

f : (4, 3), (4, 4)

r : (1, 8), (2, 8), (3, 8), (4, 8), (5, 2)

e : (5, 10)

l : (1, 2), (5, 5)

. : (1, 3), (1, 6), (1, 7), (2, 1), (2, 2), (2, 3), (2, 4), (2, 5), (2, 6), (2, 7), (3, 1), (3, 2), (3, 3), (3, 4), (3, 5), (3, 6), (3, 7), (4, 1), (4, 2), (4, 5), (4, 6), (4, 7), (5, 1), (5, 6), (5, 7), (5, 8), (6, 1), (6, 2), (6, 5), (6, 6), (6, 7), (6, 8), (6, 9)

w : (0, 0), (0, 1), (0, 2), (0, 3), (0, 4), (0, 5), (0, 6), (0, 7), (0, 8), (0, 9), (0, 10), (1, 0), (1, 10), (2, 10), (3, 0), (3, 10), (4, 0), (4, 10), (5, 0), (6, 0), (6, 10), (7, 0), (7, 1), (7, 2), (7, 3), (7, 4), (7, 5), (7, 6), (7, 7), (7, 8), (7, 9), (7, 10)

k : (2, 0)

2 : (1, 5)

A : (5, 9)

