object : Index

t : (6, 6)

o : (1, 6), (4, 9), (5, 2)

b : (5, 9), (6, 2)

f : (3, 9), (4, 2)

r : (1, 5), (5, 1)

e : (3, 0)

l : (1, 7), (5, 3)

. : (1, 1), (1, 2), (1, 3), (1, 4), (1, 8), (1, 9), (2, 1), (2, 2), (2, 3), (2, 4), (2, 5), (2, 6), (2, 7), (2, 8), (2, 9), (3, 2), (3, 3), (3, 4), (3, 5), (3, 6), (3, 7), (3, 8), (4, 1), (4, 3), (4, 4), (4, 5), (4, 6), (4, 7), (4, 8), (5, 4), (5, 5), (5, 7), (5, 8), (6, 1), (6, 3), (6, 4), (6, 5), (6, 7), (6, 8), (6, 9)

w : (0, 0), (0, 1), (0, 2), (0, 3), (0, 4), (0, 5), (0, 6), (0, 7), (0, 8), (0, 9), (0, 10), (1, 0), (1, 10), (2, 0), (2, 10), (3, 10), (4, 0), (4, 10), (5, 0), (5, 10), (6, 0), (7, 0), (7, 1), (7, 2), (7, 3), (7, 4), (7, 5), (7, 6), (7, 7), (7, 8), (7, 9), (7, 10)

0 : (5, 6)

k : (6, 10)

A : (3, 1)

