object : Index

1 : (1, 4)

b : (5, 1)

~ : (2, 8), (3, 2), (5, 3), (5, 4), (5, 5)

4 : (1, 6)

r : (4, 2)

3 : (1, 5)

e : (1, 1)

y : (3, 3)

d : (3, 6), (4, 3), (4, 4), (4, 7), (5, 2), (5, 6)

. : (1, 3), (1, 7), (1, 8), (2, 4), (2, 6), (3, 4), (3, 5), (3, 7), (3, 8), (4, 6), (4, 8), (5, 8)

w : (0, 0), (0, 1), (0, 2), (0, 3), (0, 4), (0, 5), (0, 6), (0, 7), (0, 8), (0, 9), (1, 0), (1, 9), (2, 0), (2, 1), (2, 2), (2, 3), (2, 5), (2, 7), (2, 9), (3, 0), (3, 9), (4, 0), (4, 9), (5, 0), (5, 9), (6, 0), (6, 1), (6, 2), (6, 3), (6, 4), (6, 5), (6, 6), (6, 7), (6, 8), (6, 9)

i : (3, 1)

A : (5, 7)

x : (1, 2), (4, 1), (4, 5)

