object : Index

t : (3, 3)

1 : (4, 3)

o : (1, 3), (3, 7), (4, 1), (6, 7)

b : (5, 1)

f : (2, 7), (3, 1)

r : (1, 2), (3, 6), (4, 7), (6, 6)

e : (7, 4)

l : (1, 4), (3, 8), (6, 8)

. : (1, 1), (1, 5), (1, 6), (1, 7), (1, 8), (1, 9), (2, 1), (2, 2), (2, 3), (2, 4), (2, 5), (2, 6), (2, 8), (2, 9), (3, 2), (3, 4), (3, 5), (3, 9), (4, 2), (4, 4), (4, 5), (4, 6), (4, 8), (4, 9), (5, 2), (5, 3), (5, 4), (5, 5), (5, 6), (5, 7), (5, 8), (5, 9), (6, 1), (6, 2), (6, 3), (6, 5), (6, 9)

w : (0, 0), (0, 1), (0, 2), (0, 3), (0, 4), (0, 5), (0, 7), (0, 8), (0, 9), (0, 10), (1, 0), (1, 10), (2, 0), (2, 10), (3, 0), (3, 10), (4, 0), (4, 10), (5, 0), (5, 10), (6, 0), (6, 10), (7, 0), (7, 1), (7, 2), (7, 3), (7, 5), (7, 6), (7, 7), (7, 8), (7, 9), (7, 10)

k : (0, 6)

A : (6, 4)

