object : Index

0 : (0, 2), (0, 7), (0, 12), (1, 0), (1, 4), (1, 7), (1, 10), (2, 2), (2, 7), (2, 12), (3, 0), (3, 5), (3, 10), (4, 2), (4, 7), (4, 11)

1 : (0, 4), (0, 10), (1, 13), (2, 5), (3, 2), (3, 7), (4, 4), (4, 13)

w : (0, 0), (0, 1), (0, 3), (0, 5), (0, 6), (0, 8), (0, 9), (0, 11), (0, 13), (1, 1), (1, 2), (1, 3), (1, 5), (1, 6), (1, 8), (1, 9), (1, 11), (1, 12), (2, 0), (2, 1), (2, 4), (2, 6), (2, 8), (2, 9), (2, 10), (2, 13), (3, 1), (3, 3), (3, 4), (3, 6), (3, 8), (3, 9), (3, 11), (3, 12), (3, 13), (4, 0), (4, 1), (4, 3), (4, 5), (4, 6), (4, 8), (4, 9), (4, 10), (4, 12)

A : (2, 3)

2 : (2, 11)

